3,64,x5RAbXh0QaoYB1UepuyeSWBdIK0=,HVaRFJGCdVluCzrg975oWHrGY/M=
12,65,x5RAbXh0QaoYB1UepuyeSWBdIK0=,HVaRFJGCdVluCzrg975oWHrGY/M=
10,65,x5RAbXh0QaoYB1UepuyeSWBdIK0=,HVaRFJGCdVluCzrg975oWHrGY/M=
11,65,x5RAbXh0QaoYB1UepuyeSWBdIK0=,HVaRFJGCdVluCzrg975oWHrGY/M=
8,65,x5RAbXh0QaoYB1UepuyeSWBdIK0=,HVaRFJGCdVluCzrg975oWHrGY/M=
9,65,x5RAbXh0QaoYB1UepuyeSWBdIK0=,HVaRFJGCdVluCzrg975oWHrGY/M=
10,79,x5RAbXh0QaoYB1UepuyeSWBdIK0=,HVaRFJGCdVluCzrg975oWHrGY/M=
8,79,x5RAbXh0QaoYB1UepuyeSWBdIK0=,HVaRFJGCdVluCzrg975oWHrGY/M=
7,79,x5RAbXh0QaoYB1UepuyeSWBdIK0=,HVaRFJGCdVluCzrg975oWHrGY/M=
9,79,x5RAbXh0QaoYB1UepuyeSWBdIK0=,HVaRFJGCdVluCzrg975oWHrGY/M=
4,79,x5RAbXh0QaoYB1UepuyeSWBdIK0=,HVaRFJGCdVluCzrg975oWHrGY/M=
6,79,x5RAbXh0QaoYB1UepuyeSWBdIK0=,HVaRFJGCdVluCzrg975oWHrGY/M=
3,79,x5RAbXh0QaoYB1UepuyeSWBdIK0=,HVaRFJGCdVluCzrg975oWHrGY/M=
5,79,x5RAbXh0QaoYB1UepuyeSWBdIK0=,HVaRFJGCdVluCzrg975oWHrGY/M=
3,65,x5RAbXh0QaoYB1UepuyeSWBdIK0=,HVaRFJGCdVluCzrg975oWHrGY/M=
13,65,x5RAbXh0QaoYB1UepuyeSWBdIK0=,HVaRFJGCdVluCzrg975oWHrGY/M=
13,66,x5RAbXh0QaoYB1UepuyeSWBdIK0=,HVaRFJGCdVluCzrg975oWHrGY/M=
14,65,x5RAbXh0QaoYB1UepuyeSWBdIK0=,HVaRFJGCdVluCzrg975oWHrGY/M=
0,79,x5RAbXh0QaoYB1UepuyeSWBdIK0=,HVaRFJGCdVluCzrg975oWHrGY/M=
7,65,x5RAbXh0QaoYB1UepuyeSWBdIK0=,HVaRFJGCdVluCzrg975oWHrGY/M=
2,65,x5RAbXh0QaoYB1UepuyeSWBdIK0=,HVaRFJGCdVluCzrg975oWHrGY/M=
2,79,x5RAbXh0QaoYB1UepuyeSWBdIK0=,HVaRFJGCdVluCzrg975oWHrGY/M=
12,66,x5RAbXh0QaoYB1UepuyeSWBdIK0=,HVaRFJGCdVluCzrg975oWHrGY/M=
9,78,x5RAbXh0QaoYB1UepuyeSWBdIK0=,HVaRFJGCdVluCzrg975oWHrGY/M=
1,65,x5RAbXh0QaoYB1UepuyeSWBdIK0=,HVaRFJGCdVluCzrg975oWHrGY/M=
8,78,x5RAbXh0QaoYB1UepuyeSWBdIK0=,HVaRFJGCdVluCzrg975oWHrGY/M=
7,78,x5RAbXh0QaoYB1UepuyeSWBdIK0=,HVaRFJGCdVluCzrg975oWHrGY/M=
6,78,x5RAbXh0QaoYB1UepuyeSWBdIK0=,HVaRFJGCdVluCzrg975oWHrGY/M=
11,79,x5RAbXh0QaoYB1UepuyeSWBdIK0=,HVaRFJGCdVluCzrg975oWHrGY/M=
5,78,x5RAbXh0QaoYB1UepuyeSWBdIK0=,HVaRFJGCdVluCzrg975oWHrGY/M=
1,79,x5RAbXh0QaoYB1UepuyeSWBdIK0=,HVaRFJGCdVluCzrg975oWHrGY/M=
15,65,x5RAbXh0QaoYB1UepuyeSWBdIK0=,HVaRFJGCdVluCzrg975oWHrGY/M=
15,79,x5RAbXh0QaoYB1UepuyeSWBdIK0=,HVaRFJGCdVluCzrg975oWHrGY/M=
13,79,x5RAbXh0QaoYB1UepuyeSWBdIK0=,HVaRFJGCdVluCzrg975oWHrGY/M=
2,64,x5RAbXh0QaoYB1UepuyeSWBdIK0=,HVaRFJGCdVluCzrg975oWHrGY/M=
14,78,x5RAbXh0QaoYB1UepuyeSWBdIK0=,HVaRFJGCdVluCzrg975oWHrGY/M=
14,79,x5RAbXh0QaoYB1UepuyeSWBdIK0=,HVaRFJGCdVluCzrg975oWHrGY/M=
6,65,x5RAbXh0QaoYB1UepuyeSWBdIK0=,HVaRFJGCdVluCzrg975oWHrGY/M=
14,66,x5RAbXh0QaoYB1UepuyeSWBdIK0=,HVaRFJGCdVluCzrg975oWHrGY/M=
5,65,x5RAbXh0QaoYB1UepuyeSWBdIK0=,HVaRFJGCdVluCzrg975oWHrGY/M=
4,78,x5RAbXh0QaoYB1UepuyeSWBdIK0=,HVaRFJGCdVluCzrg975oWHrGY/M=
11,66,x5RAbXh0QaoYB1UepuyeSWBdIK0=,HVaRFJGCdVluCzrg975oWHrGY/M=
9,77,x5RAbXh0QaoYB1UepuyeSWBdIK0=,HVaRFJGCdVluCzrg975oWHrGY/M=
12,78,x5RAbXh0QaoYB1UepuyeSWBdIK0=,HVaRFJGCdVluCzrg975oWHrGY/M=
7,77,x5RAbXh0QaoYB1UepuyeSWBdIK0=,HVaRFJGCdVluCzrg975oWHrGY/M=
8,77,x5RAbXh0QaoYB1UepuyeSWBdIK0=,HVaRFJGCdVluCzrg975oWHrGY/M=
6,77,x5RAbXh0QaoYB1UepuyeSWBdIK0=,HVaRFJGCdVluCzrg975oWHrGY/M=
5,77,x5RAbXh0QaoYB1UepuyeSWBdIK0=,HVaRFJGCdVluCzrg975oWHrGY/M=
4,65,x5RAbXh0QaoYB1UepuyeSWBdIK0=,HVaRFJGCdVluCzrg975oWHrGY/M=
11,78,x5RAbXh0QaoYB1UepuyeSWBdIK0=,HVaRFJGCdVluCzrg975oWHrGY/M=
15,78,x5RAbXh0QaoYB1UepuyeSWBdIK0=,HVaRFJGCdVluCzrg975oWHrGY/M=
3,78,x5RAbXh0QaoYB1UepuyeSWBdIK0=,HVaRFJGCdVluCzrg975oWHrGY/M=
15,66,x5RAbXh0QaoYB1UepuyeSWBdIK0=,HVaRFJGCdVluCzrg975oWHrGY/M=
10,77,x5RAbXh0QaoYB1UepuyeSWBdIK0=,HVaRFJGCdVluCzrg975oWHrGY/M=
10,78,x5RAbXh0QaoYB1UepuyeSWBdIK0=,HVaRFJGCdVluCzrg975oWHrGY/M=
13,78,x5RAbXh0QaoYB1UepuyeSWBdIK0=,HVaRFJGCdVluCzrg975oWHrGY/M=
0,65,x5RAbXh0QaoYB1UepuyeSWBdIK0=,HVaRFJGCdVluCzrg975oWHrGY/M=
10,66,x5RAbXh0QaoYB1UepuyeSWBdIK0=,HVaRFJGCdVluCzrg975oWHrGY/M=
1,64,x5RAbXh0QaoYB1UepuyeSWBdIK0=,HVaRFJGCdVluCzrg975oWHrGY/M=
4,77,x5RAbXh0QaoYB1UepuyeSWBdIK0=,HVaRFJGCdVluCzrg975oWHrGY/M=
15,77,x5RAbXh0QaoYB1UepuyeSWBdIK0=,HVaRFJGCdVluCzrg975oWHrGY/M=
0,78,x5RAbXh0QaoYB1UepuyeSWBdIK0=,HVaRFJGCdVluCzrg975oWHrGY/M=
2,78,x5RAbXh0QaoYB1UepuyeSWBdIK0=,HVaRFJGCdVluCzrg975oWHrGY/M=
9,76,x5RAbXh0QaoYB1UepuyeSWBdIK0=,HVaRFJGCdVluCzrg975oWHrGY/M=
10,76,x5RAbXh0QaoYB1UepuyeSWBdIK0=,HVaRFJGCdVluCzrg975oWHrGY/M=
8,76,x5RAbXh0QaoYB1UepuyeSWBdIK0=,HVaRFJGCdVluCzrg975oWHrGY/M=
7,76,x5RAbXh0QaoYB1UepuyeSWBdIK0=,HVaRFJGCdVluCzrg975oWHrGY/M=
6,76,x5RAbXh0QaoYB1UepuyeSWBdIK0=,HVaRFJGCdVluCzrg975oWHrGY/M=
5,76,x5RAbXh0QaoYB1UepuyeSWBdIK0=,HVaRFJGCdVluCzrg975oWHrGY/M=
4,76,x5RAbXh0QaoYB1UepuyeSWBdIK0=,HVaRFJGCdVluCzrg975oWHrGY/M=
13,77,x5RAbXh0QaoYB1UepuyeSWBdIK0=,HVaRFJGCdVluCzrg975oWHrGY/M=
0,77,x5RAbXh0QaoYB1UepuyeSWBdIK0=,HVaRFJGCdVluCzrg975oWHrGY/M=
11,77,x5RAbXh0QaoYB1UepuyeSWBdIK0=,HVaRFJGCdVluCzrg975oWHrGY/M=
1,78,x5RAbXh0QaoYB1UepuyeSWBdIK0=,HVaRFJGCdVluCzrg975oWHrGY/M=
14,64,x5RAbXh0QaoYB1UepuyeSWBdIK0=,HVaRFJGCdVluCzrg975oWHrGY/M=
9,66,x5RAbXh0QaoYB1UepuyeSWBdIK0=,HVaRFJGCdVluCzrg975oWHrGY/M=
12,77,x5RAbXh0QaoYB1UepuyeSWBdIK0=,HVaRFJGCdVluCzrg975oWHrGY/M=
1,77,x5RAbXh0QaoYB1UepuyeSWBdIK0=,HVaRFJGCdVluCzrg975oWHrGY/M=
15,76,x5RAbXh0QaoYB1UepuyeSWBdIK0=,HVaRFJGCdVluCzrg975oWHrGY/M=
2,76,x5RAbXh0QaoYB1UepuyeSWBdIK0=,HVaRFJGCdVluCzrg975oWHrGY/M=
10,75,x5RAbXh0QaoYB1UepuyeSWBdIK0=,HVaRFJGCdVluCzrg975oWHrGY/M=
14,77,x5RAbXh0QaoYB1UepuyeSWBdIK0=,HVaRFJGCdVluCzrg975oWHrGY/M=
15,64,x5RAbXh0QaoYB1UepuyeSWBdIK0=,HVaRFJGCdVluCzrg975oWHrGY/M=
8,75,x5RAbXh0QaoYB1UepuyeSWBdIK0=,HVaRFJGCdVluCzrg975oWHrGY/M=
7,75,x5RAbXh0QaoYB1UepuyeSWBdIK0=,HVaRFJGCdVluCzrg975oWHrGY/M=
6,75,x5RAbXh0QaoYB1UepuyeSWBdIK0=,HVaRFJGCdVluCzrg975oWHrGY/M=
5,75,x5RAbXh0QaoYB1UepuyeSWBdIK0=,HVaRFJGCdVluCzrg975oWHrGY/M=
4,75,x5RAbXh0QaoYB1UepuyeSWBdIK0=,HVaRFJGCdVluCzrg975oWHrGY/M=
3,75,x5RAbXh0QaoYB1UepuyeSWBdIK0=,HVaRFJGCdVluCzrg975oWHrGY/M=
1,75,x5RAbXh0QaoYB1UepuyeSWBdIK0=,HVaRFJGCdVluCzrg975oWHrGY/M=
1,76,x5RAbXh0QaoYB1UepuyeSWBdIK0=,HVaRFJGCdVluCzrg975oWHrGY/M=
15,75,x5RAbXh0QaoYB1UepuyeSWBdIK0=,HVaRFJGCdVluCzrg975oWHrGY/M=
3,76,x5RAbXh0QaoYB1UepuyeSWBdIK0=,HVaRFJGCdVluCzrg975oWHrGY/M=
13,64,x5RAbXh0QaoYB1UepuyeSWBdIK0=,HVaRFJGCdVluCzrg975oWHrGY/M=
0,67,x5RAbXh0QaoYB1UepuyeSWBdIK0=,HVaRFJGCdVluCzrg975oWHrGY/M=
14,75,x5RAbXh0QaoYB1UepuyeSWBdIK0=,HVaRFJGCdVluCzrg975oWHrGY/M=
3,77,x5RAbXh0QaoYB1UepuyeSWBdIK0=,HVaRFJGCdVluCzrg975oWHrGY/M=
12,64,x5RAbXh0QaoYB1UepuyeSWBdIK0=,HVaRFJGCdVluCzrg975oWHrGY/M=
9,75,x5RAbXh0QaoYB1UepuyeSWBdIK0=,HVaRFJGCdVluCzrg975oWHrGY/M=
2,77,x5RAbXh0QaoYB1UepuyeSWBdIK0=,HVaRFJGCdVluCzrg975oWHrGY/M=
11,76,x5RAbXh0QaoYB1UepuyeSWBdIK0=,HVaRFJGCdVluCzrg975oWHrGY/M=
9,74,x5RAbXh0QaoYB1UepuyeSWBdIK0=,HVaRFJGCdVluCzrg975oWHrGY/M=
10,74,x5RAbXh0QaoYB1UepuyeSWBdIK0=,HVaRFJGCdVluCzrg975oWHrGY/M=
8,74,x5RAbXh0QaoYB1UepuyeSWBdIK0=,HVaRFJGCdVluCzrg975oWHrGY/M=
7,74,x5RAbXh0QaoYB1UepuyeSWBdIK0=,HVaRFJGCdVluCzrg975oWHrGY/M=
0,76,x5RAbXh0QaoYB1UepuyeSWBdIK0=,HVaRFJGCdVluCzrg975oWHrGY/M=
1,67,x5RAbXh0QaoYB1UepuyeSWBdIK0=,HVaRFJGCdVluCzrg975oWHrGY/M=
8,66,x5RAbXh0QaoYB1UepuyeSWBdIK0=,HVaRFJGCdVluCzrg975oWHrGY/M=
3,74,x5RAbXh0QaoYB1UepuyeSWBdIK0=,HVaRFJGCdVluCzrg975oWHrGY/M=
11,75,x5RAbXh0QaoYB1UepuyeSWBdIK0=,HVaRFJGCdVluCzrg975oWHrGY/M=
0,74,x5RAbXh0QaoYB1UepuyeSWBdIK0=,HVaRFJGCdVluCzrg975oWHrGY/M=
1,74,x5RAbXh0QaoYB1UepuyeSWBdIK0=,HVaRFJGCdVluCzrg975oWHrGY/M=
14,76,x5RAbXh0QaoYB1UepuyeSWBdIK0=,HVaRFJGCdVluCzrg975oWHrGY/M=
0,75,x5RAbXh0QaoYB1UepuyeSWBdIK0=,HVaRFJGCdVluCzrg975oWHrGY/M=
15,74,x5RAbXh0QaoYB1UepuyeSWBdIK0=,HVaRFJGCdVluCzrg975oWHrGY/M=
13,76,x5RAbXh0QaoYB1UepuyeSWBdIK0=,HVaRFJGCdVluCzrg975oWHrGY/M=
11,73,x5RAbXh0QaoYB1UepuyeSWBdIK0=,HVaRFJGCdVluCzrg975oWHrGY/M=
11,64,x5RAbXh0QaoYB1UepuyeSWBdIK0=,HVaRFJGCdVluCzrg975oWHrGY/M=
14,74,x5RAbXh0QaoYB1UepuyeSWBdIK0=,HVaRFJGCdVluCzrg975oWHrGY/M=
10,73,x5RAbXh0QaoYB1UepuyeSWBdIK0=,HVaRFJGCdVluCzrg975oWHrGY/M=
9,73,x5RAbXh0QaoYB1UepuyeSWBdIK0=,HVaRFJGCdVluCzrg975oWHrGY/M=
8,73,x5RAbXh0QaoYB1UepuyeSWBdIK0=,HVaRFJGCdVluCzrg975oWHrGY/M=
7,73,x5RAbXh0QaoYB1UepuyeSWBdIK0=,HVaRFJGCdVluCzrg975oWHrGY/M=
11,74,x5RAbXh0QaoYB1UepuyeSWBdIK0=,HVaRFJGCdVluCzrg975oWHrGY/M=
13,74,x5RAbXh0QaoYB1UepuyeSWBdIK0=,HVaRFJGCdVluCzrg975oWHrGY/M=
13,73,x5RAbXh0QaoYB1UepuyeSWBdIK0=,HVaRFJGCdVluCzrg975oWHrGY/M=
6,74,x5RAbXh0QaoYB1UepuyeSWBdIK0=,HVaRFJGCdVluCzrg975oWHrGY/M=
12,79,x5RAbXh0QaoYB1UepuyeSWBdIK0=,HVaRFJGCdVluCzrg975oWHrGY/M=
5,74,x5RAbXh0QaoYB1UepuyeSWBdIK0=,HVaRFJGCdVluCzrg975oWHrGY/M=
0,73,x5RAbXh0QaoYB1UepuyeSWBdIK0=,HVaRFJGCdVluCzrg975oWHrGY/M=
2,75,x5RAbXh0QaoYB1UepuyeSWBdIK0=,HVaRFJGCdVluCzrg975oWHrGY/M=
12,75,x5RAbXh0QaoYB1UepuyeSWBdIK0=,HVaRFJGCdVluCzrg975oWHrGY/M=
6,73,x5RAbXh0QaoYB1UepuyeSWBdIK0=,HVaRFJGCdVluCzrg975oWHrGY/M=
3,73,x5RAbXh0QaoYB1UepuyeSWBdIK0=,HVaRFJGCdVluCzrg975oWHrGY/M=
13,75,x5RAbXh0QaoYB1UepuyeSWBdIK0=,HVaRFJGCdVluCzrg975oWHrGY/M=
11,72,x5RAbXh0QaoYB1UepuyeSWBdIK0=,HVaRFJGCdVluCzrg975oWHrGY/M=
9,72,x5RAbXh0QaoYB1UepuyeSWBdIK0=,HVaRFJGCdVluCzrg975oWHrGY/M=
14,73,x5RAbXh0QaoYB1UepuyeSWBdIK0=,HVaRFJGCdVluCzrg975oWHrGY/M=
2,74,x5RAbXh0QaoYB1UepuyeSWBdIK0=,HVaRFJGCdVluCzrg975oWHrGY/M=
10,64,x5RAbXh0QaoYB1UepuyeSWBdIK0=,HVaRFJGCdVluCzrg975oWHrGY/M=
7,72,x5RAbXh0QaoYB1UepuyeSWBdIK0=,HVaRFJGCdVluCzrg975oWHrGY/M=
15,73,x5RAbXh0QaoYB1UepuyeSWBdIK0=,HVaRFJGCdVluCzrg975oWHrGY/M=
10,72,x5RAbXh0QaoYB1UepuyeSWBdIK0=,HVaRFJGCdVluCzrg975oWHrGY/M=
12,74,x5RAbXh0QaoYB1UepuyeSWBdIK0=,HVaRFJGCdVluCzrg975oWHrGY/M=
2,67,x5RAbXh0QaoYB1UepuyeSWBdIK0=,HVaRFJGCdVluCzrg975oWHrGY/M=
4,74,x5RAbXh0QaoYB1UepuyeSWBdIK0=,HVaRFJGCdVluCzrg975oWHrGY/M=
6,72,x5RAbXh0QaoYB1UepuyeSWBdIK0=,HVaRFJGCdVluCzrg975oWHrGY/M=
2,73,x5RAbXh0QaoYB1UepuyeSWBdIK0=,HVaRFJGCdVluCzrg975oWHrGY/M=
1,73,x5RAbXh0QaoYB1UepuyeSWBdIK0=,HVaRFJGCdVluCzrg975oWHrGY/M=
0,72,x5RAbXh0QaoYB1UepuyeSWBdIK0=,HVaRFJGCdVluCzrg975oWHrGY/M=
4,73,x5RAbXh0QaoYB1UepuyeSWBdIK0=,HVaRFJGCdVluCzrg975oWHrGY/M=
8,72,x5RAbXh0QaoYB1UepuyeSWBdIK0=,HVaRFJGCdVluCzrg975oWHrGY/M=
1,72,x5RAbXh0QaoYB1UepuyeSWBdIK0=,HVaRFJGCdVluCzrg975oWHrGY/M=
10,71,x5RAbXh0QaoYB1UepuyeSWBdIK0=,HVaRFJGCdVluCzrg975oWHrGY/M=
9,71,x5RAbXh0QaoYB1UepuyeSWBdIK0=,HVaRFJGCdVluCzrg975oWHrGY/M=
11,71,x5RAbXh0QaoYB1UepuyeSWBdIK0=,HVaRFJGCdVluCzrg975oWHrGY/M=
5,72,x5RAbXh0QaoYB1UepuyeSWBdIK0=,HVaRFJGCdVluCzrg975oWHrGY/M=
5,73,x5RAbXh0QaoYB1UepuyeSWBdIK0=,HVaRFJGCdVluCzrg975oWHrGY/M=
9,64,x5RAbXh0QaoYB1UepuyeSWBdIK0=,HVaRFJGCdVluCzrg975oWHrGY/M=
7,66,x5RAbXh0QaoYB1UepuyeSWBdIK0=,HVaRFJGCdVluCzrg975oWHrGY/M=
2,72,x5RAbXh0QaoYB1UepuyeSWBdIK0=,HVaRFJGCdVluCzrg975oWHrGY/M=
12,72,x5RAbXh0QaoYB1UepuyeSWBdIK0=,HVaRFJGCdVluCzrg975oWHrGY/M=
12,73,x5RAbXh0QaoYB1UepuyeSWBdIK0=,HVaRFJGCdVluCzrg975oWHrGY/M=
7,71,x5RAbXh0QaoYB1UepuyeSWBdIK0=,HVaRFJGCdVluCzrg975oWHrGY/M=
15,72,x5RAbXh0QaoYB1UepuyeSWBdIK0=,HVaRFJGCdVluCzrg975oWHrGY/M=
6,66,x5RAbXh0QaoYB1UepuyeSWBdIK0=,HVaRFJGCdVluCzrg975oWHrGY/M=
12,71,x5RAbXh0QaoYB1UepuyeSWBdIK0=,HVaRFJGCdVluCzrg975oWHrGY/M=
8,71,x5RAbXh0QaoYB1UepuyeSWBdIK0=,HVaRFJGCdVluCzrg975oWHrGY/M=
13,72,x5RAbXh0QaoYB1UepuyeSWBdIK0=,HVaRFJGCdVluCzrg975oWHrGY/M=
14,72,x5RAbXh0QaoYB1UepuyeSWBdIK0=,HVaRFJGCdVluCzrg975oWHrGY/M=
15,71,x5RAbXh0QaoYB1UepuyeSWBdIK0=,HVaRFJGCdVluCzrg975oWHrGY/M=
11,70,x5RAbXh0QaoYB1UepuyeSWBdIK0=,HVaRFJGCdVluCzrg975oWHrGY/M=
10,70,x5RAbXh0QaoYB1UepuyeSWBdIK0=,HVaRFJGCdVluCzrg975oWHrGY/M=
3,72,x5RAbXh0QaoYB1UepuyeSWBdIK0=,HVaRFJGCdVluCzrg975oWHrGY/M=
8,70,x5RAbXh0QaoYB1UepuyeSWBdIK0=,HVaRFJGCdVluCzrg975oWHrGY/M=
3,67,x5RAbXh0QaoYB1UepuyeSWBdIK0=,HVaRFJGCdVluCzrg975oWHrGY/M=
13,71,x5RAbXh0QaoYB1UepuyeSWBdIK0=,HVaRFJGCdVluCzrg975oWHrGY/M=
9,70,x5RAbXh0QaoYB1UepuyeSWBdIK0=,HVaRFJGCdVluCzrg975oWHrGY/M=
8,64,x5RAbXh0QaoYB1UepuyeSWBdIK0=,HVaRFJGCdVluCzrg975oWHrGY/M=
6,71,x5RAbXh0QaoYB1UepuyeSWBdIK0=,HVaRFJGCdVluCzrg975oWHrGY/M=
15,70,x5RAbXh0QaoYB1UepuyeSWBdIK0=,HVaRFJGCdVluCzrg975oWHrGY/M=
4,72,x5RAbXh0QaoYB1UepuyeSWBdIK0=,HVaRFJGCdVluCzrg975oWHrGY/M=
6,70,x5RAbXh0QaoYB1UepuyeSWBdIK0=,HVaRFJGCdVluCzrg975oWHrGY/M=
14,71,x5RAbXh0QaoYB1UepuyeSWBdIK0=,HVaRFJGCdVluCzrg975oWHrGY/M=
5,66,x5RAbXh0QaoYB1UepuyeSWBdIK0=,HVaRFJGCdVluCzrg975oWHrGY/M=
2,71,x5RAbXh0QaoYB1UepuyeSWBdIK0=,HVaRFJGCdVluCzrg975oWHrGY/M=
3,71,x5RAbXh0QaoYB1UepuyeSWBdIK0=,HVaRFJGCdVluCzrg975oWHrGY/M=
5,71,x5RAbXh0QaoYB1UepuyeSWBdIK0=,HVaRFJGCdVluCzrg975oWHrGY/M=
12,70,x5RAbXh0QaoYB1UepuyeSWBdIK0=,HVaRFJGCdVluCzrg975oWHrGY/M=
4,71,x5RAbXh0QaoYB1UepuyeSWBdIK0=,HVaRFJGCdVluCzrg975oWHrGY/M=
11,69,x5RAbXh0QaoYB1UepuyeSWBdIK0=,HVaRFJGCdVluCzrg975oWHrGY/M=
10,69,x5RAbXh0QaoYB1UepuyeSWBdIK0=,HVaRFJGCdVluCzrg975oWHrGY/M=
14,70,x5RAbXh0QaoYB1UepuyeSWBdIK0=,HVaRFJGCdVluCzrg975oWHrGY/M=
0,71,x5RAbXh0QaoYB1UepuyeSWBdIK0=,HVaRFJGCdVluCzrg975oWHrGY/M=
7,70,x5RAbXh0QaoYB1UepuyeSWBdIK0=,HVaRFJGCdVluCzrg975oWHrGY/M=
2,70,x5RAbXh0QaoYB1UepuyeSWBdIK0=,HVaRFJGCdVluCzrg975oWHrGY/M=
1,70,x5RAbXh0QaoYB1UepuyeSWBdIK0=,HVaRFJGCdVluCzrg975oWHrGY/M=
4,70,x5RAbXh0QaoYB1UepuyeSWBdIK0=,HVaRFJGCdVluCzrg975oWHrGY/M=
8,69,x5RAbXh0QaoYB1UepuyeSWBdIK0=,HVaRFJGCdVluCzrg975oWHrGY/M=
7,69,x5RAbXh0QaoYB1UepuyeSWBdIK0=,HVaRFJGCdVluCzrg975oWHrGY/M=
4,66,x5RAbXh0QaoYB1UepuyeSWBdIK0=,HVaRFJGCdVluCzrg975oWHrGY/M=
12,69,x5RAbXh0QaoYB1UepuyeSWBdIK0=,HVaRFJGCdVluCzrg975oWHrGY/M=
13,70,x5RAbXh0QaoYB1UepuyeSWBdIK0=,HVaRFJGCdVluCzrg975oWHrGY/M=
0,70,x5RAbXh0QaoYB1UepuyeSWBdIK0=,HVaRFJGCdVluCzrg975oWHrGY/M=
9,69,x5RAbXh0QaoYB1UepuyeSWBdIK0=,HVaRFJGCdVluCzrg975oWHrGY/M=
1,71,x5RAbXh0QaoYB1UepuyeSWBdIK0=,HVaRFJGCdVluCzrg975oWHrGY/M=
3,69,x5RAbXh0QaoYB1UepuyeSWBdIK0=,HVaRFJGCdVluCzrg975oWHrGY/M=
1,69,x5RAbXh0QaoYB1UepuyeSWBdIK0=,HVaRFJGCdVluCzrg975oWHrGY/M=
0,69,x5RAbXh0QaoYB1UepuyeSWBdIK0=,HVaRFJGCdVluCzrg975oWHrGY/M=
11,68,x5RAbXh0QaoYB1UepuyeSWBdIK0=,HVaRFJGCdVluCzrg975oWHrGY/M=
10,68,x5RAbXh0QaoYB1UepuyeSWBdIK0=,HVaRFJGCdVluCzrg975oWHrGY/M=
9,68,x5RAbXh0QaoYB1UepuyeSWBdIK0=,HVaRFJGCdVluCzrg975oWHrGY/M=
4,67,x5RAbXh0QaoYB1UepuyeSWBdIK0=,HVaRFJGCdVluCzrg975oWHrGY/M=
3,70,x5RAbXh0QaoYB1UepuyeSWBdIK0=,HVaRFJGCdVluCzrg975oWHrGY/M=
14,69,x5RAbXh0QaoYB1UepuyeSWBdIK0=,HVaRFJGCdVluCzrg975oWHrGY/M=
12,68,x5RAbXh0QaoYB1UepuyeSWBdIK0=,HVaRFJGCdVluCzrg975oWHrGY/M=
2,69,x5RAbXh0QaoYB1UepuyeSWBdIK0=,HVaRFJGCdVluCzrg975oWHrGY/M=
4,69,x5RAbXh0QaoYB1UepuyeSWBdIK0=,HVaRFJGCdVluCzrg975oWHrGY/M=
6,69,x5RAbXh0QaoYB1UepuyeSWBdIK0=,HVaRFJGCdVluCzrg975oWHrGY/M=
6,64,x5RAbXh0QaoYB1UepuyeSWBdIK0=,HVaRFJGCdVluCzrg975oWHrGY/M=
7,64,x5RAbXh0QaoYB1UepuyeSWBdIK0=,HVaRFJGCdVluCzrg975oWHrGY/M=
5,70,x5RAbXh0QaoYB1UepuyeSWBdIK0=,HVaRFJGCdVluCzrg975oWHrGY/M=
3,66,x5RAbXh0QaoYB1UepuyeSWBdIK0=,HVaRFJGCdVluCzrg975oWHrGY/M=
1,68,x5RAbXh0QaoYB1UepuyeSWBdIK0=,HVaRFJGCdVluCzrg975oWHrGY/M=
13,69,x5RAbXh0QaoYB1UepuyeSWBdIK0=,HVaRFJGCdVluCzrg975oWHrGY/M=
13,68,x5RAbXh0QaoYB1UepuyeSWBdIK0=,HVaRFJGCdVluCzrg975oWHrGY/M=
8,68,x5RAbXh0QaoYB1UepuyeSWBdIK0=,HVaRFJGCdVluCzrg975oWHrGY/M=
12,67,x5RAbXh0QaoYB1UepuyeSWBdIK0=,HVaRFJGCdVluCzrg975oWHrGY/M=
11,67,x5RAbXh0QaoYB1UepuyeSWBdIK0=,HVaRFJGCdVluCzrg975oWHrGY/M=
10,67,x5RAbXh0QaoYB1UepuyeSWBdIK0=,HVaRFJGCdVluCzrg975oWHrGY/M=
5,69,x5RAbXh0QaoYB1UepuyeSWBdIK0=,HVaRFJGCdVluCzrg975oWHrGY/M=
9,67,x5RAbXh0QaoYB1UepuyeSWBdIK0=,HVaRFJGCdVluCzrg975oWHrGY/M=
15,68,x5RAbXh0QaoYB1UepuyeSWBdIK0=,HVaRFJGCdVluCzrg975oWHrGY/M=
15,69,x5RAbXh0QaoYB1UepuyeSWBdIK0=,HVaRFJGCdVluCzrg975oWHrGY/M=
4,68,x5RAbXh0QaoYB1UepuyeSWBdIK0=,HVaRFJGCdVluCzrg975oWHrGY/M=
0,66,x5RAbXh0QaoYB1UepuyeSWBdIK0=,HVaRFJGCdVluCzrg975oWHrGY/M=
12,76,x5RAbXh0QaoYB1UepuyeSWBdIK0=,HVaRFJGCdVluCzrg975oWHrGY/M=
13,67,x5RAbXh0QaoYB1UepuyeSWBdIK0=,HVaRFJGCdVluCzrg975oWHrGY/M=
15,67,x5RAbXh0QaoYB1UepuyeSWBdIK0=,HVaRFJGCdVluCzrg975oWHrGY/M=
0,68,x5RAbXh0QaoYB1UepuyeSWBdIK0=,HVaRFJGCdVluCzrg975oWHrGY/M=
3,68,x5RAbXh0QaoYB1UepuyeSWBdIK0=,HVaRFJGCdVluCzrg975oWHrGY/M=
14,68,x5RAbXh0QaoYB1UepuyeSWBdIK0=,HVaRFJGCdVluCzrg975oWHrGY/M=
2,66,x5RAbXh0QaoYB1UepuyeSWBdIK0=,HVaRFJGCdVluCzrg975oWHrGY/M=
7,68,x5RAbXh0QaoYB1UepuyeSWBdIK0=,HVaRFJGCdVluCzrg975oWHrGY/M=
8,67,x5RAbXh0QaoYB1UepuyeSWBdIK0=,HVaRFJGCdVluCzrg975oWHrGY/M=
2,68,x5RAbXh0QaoYB1UepuyeSWBdIK0=,HVaRFJGCdVluCzrg975oWHrGY/M=
5,68,x5RAbXh0QaoYB1UepuyeSWBdIK0=,HVaRFJGCdVluCzrg975oWHrGY/M=
6,67,x5RAbXh0QaoYB1UepuyeSWBdIK0=,HVaRFJGCdVluCzrg975oWHrGY/M=
6,68,x5RAbXh0QaoYB1UepuyeSWBdIK0=,HVaRFJGCdVluCzrg975oWHrGY/M=
5,64,x5RAbXh0QaoYB1UepuyeSWBdIK0=,HVaRFJGCdVluCzrg975oWHrGY/M=
7,67,x5RAbXh0QaoYB1UepuyeSWBdIK0=,HVaRFJGCdVluCzrg975oWHrGY/M=
0,64,x5RAbXh0QaoYB1UepuyeSWBdIK0=,HVaRFJGCdVluCzrg975oWHrGY/M=
1,66,x5RAbXh0QaoYB1UepuyeSWBdIK0=,HVaRFJGCdVluCzrg975oWHrGY/M=
14,67,x5RAbXh0QaoYB1UepuyeSWBdIK0=,HVaRFJGCdVluCzrg975oWHrGY/M=
5,67,x5RAbXh0QaoYB1UepuyeSWBdIK0=,HVaRFJGCdVluCzrg975oWHrGY/M=
4,64,x5RAbXh0QaoYB1UepuyeSWBdIK0=,HVaRFJGCdVluCzrg975oWHrGY/M=
3,80,Ju/bV0wOd3PTCnUTu2NcUbZRm8o=,rpkhIDZi8NZ1AZm+TeBtSWlWp+U=
15,95,Ju/bV0wOd3PTCnUTu2NcUbZRm8o=,rpkhIDZi8NZ1AZm+TeBtSWlWp+U=
11,82,Ju/bV0wOd3PTCnUTu2NcUbZRm8o=,rpkhIDZi8NZ1AZm+TeBtSWlWp+U=
11,83,Ju/bV0wOd3PTCnUTu2NcUbZRm8o=,rpkhIDZi8NZ1AZm+TeBtSWlWp+U=
13,95,Ju/bV0wOd3PTCnUTu2NcUbZRm8o=,rpkhIDZi8NZ1AZm+TeBtSWlWp+U=
12,95,Ju/bV0wOd3PTCnUTu2NcUbZRm8o=,rpkhIDZi8NZ1AZm+TeBtSWlWp+U=
11,95,Ju/bV0wOd3PTCnUTu2NcUbZRm8o=,rpkhIDZi8NZ1AZm+TeBtSWlWp+U=
10,95,Ju/bV0wOd3PTCnUTu2NcUbZRm8o=,rpkhIDZi8NZ1AZm+TeBtSWlWp+U=
14,95,Ju/bV0wOd3PTCnUTu2NcUbZRm8o=,rpkhIDZi8NZ1AZm+TeBtSWlWp+U=
6,95,Ju/bV0wOd3PTCnUTu2NcUbZRm8o=,rpkhIDZi8NZ1AZm+TeBtSWlWp+U=
7,95,Ju/bV0wOd3PTCnUTu2NcUbZRm8o=,rpkhIDZi8NZ1AZm+TeBtSWlWp+U=
10,82,Ju/bV0wOd3PTCnUTu2NcUbZRm8o=,rpkhIDZi8NZ1AZm+TeBtSWlWp+U=
7,82,Ju/bV0wOd3PTCnUTu2NcUbZRm8o=,rpkhIDZi8NZ1AZm+TeBtSWlWp+U=
9,82,Ju/bV0wOd3PTCnUTu2NcUbZRm8o=,rpkhIDZi8NZ1AZm+TeBtSWlWp+U=
5,82,Ju/bV0wOd3PTCnUTu2NcUbZRm8o=,rpkhIDZi8NZ1AZm+TeBtSWlWp+U=
8,82,Ju/bV0wOd3PTCnUTu2NcUbZRm8o=,rpkhIDZi8NZ1AZm+TeBtSWlWp+U=
3,82,Ju/bV0wOd3PTCnUTu2NcUbZRm8o=,rpkhIDZi8NZ1AZm+TeBtSWlWp+U=
0,82,Ju/bV0wOd3PTCnUTu2NcUbZRm8o=,rpkhIDZi8NZ1AZm+TeBtSWlWp+U=
2,82,Ju/bV0wOd3PTCnUTu2NcUbZRm8o=,rpkhIDZi8NZ1AZm+TeBtSWlWp+U=
6,82,Ju/bV0wOd3PTCnUTu2NcUbZRm8o=,rpkhIDZi8NZ1AZm+TeBtSWlWp+U=
10,83,Ju/bV0wOd3PTCnUTu2NcUbZRm8o=,rpkhIDZi8NZ1AZm+TeBtSWlWp+U=
0,95,Ju/bV0wOd3PTCnUTu2NcUbZRm8o=,rpkhIDZi8NZ1AZm+TeBtSWlWp+U=
15,94,Ju/bV0wOd3PTCnUTu2NcUbZRm8o=,rpkhIDZi8NZ1AZm+TeBtSWlWp+U=
14,94,Ju/bV0wOd3PTCnUTu2NcUbZRm8o=,rpkhIDZi8NZ1AZm+TeBtSWlWp+U=
4,82,Ju/bV0wOd3PTCnUTu2NcUbZRm8o=,rpkhIDZi8NZ1AZm+TeBtSWlWp+U=
11,94,Ju/bV0wOd3PTCnUTu2NcUbZRm8o=,rpkhIDZi8NZ1AZm+TeBtSWlWp+U=
12,94,Ju/bV0wOd3PTCnUTu2NcUbZRm8o=,rpkhIDZi8NZ1AZm+TeBtSWlWp+U=
13,94,Ju/bV0wOd3PTCnUTu2NcUbZRm8o=,rpkhIDZi8NZ1AZm+TeBtSWlWp+U=
10,94,Ju/bV0wOd3PTCnUTu2NcUbZRm8o=,rpkhIDZi8NZ1AZm+TeBtSWlWp+U=
7,94,Ju/bV0wOd3PTCnUTu2NcUbZRm8o=,rpkhIDZi8NZ1AZm+TeBtSWlWp+U=
6,94,Ju/bV0wOd3PTCnUTu2NcUbZRm8o=,rpkhIDZi8NZ1AZm+TeBtSWlWp+U=
9,95,Ju/bV0wOd3PTCnUTu2NcUbZRm8o=,rpkhIDZi8NZ1AZm+TeBtSWlWp+U=
5,95,Ju/bV0wOd3PTCnUTu2NcUbZRm8o=,rpkhIDZi8NZ1AZm+TeBtSWlWp+U=
9,94,Ju/bV0wOd3PTCnUTu2NcUbZRm8o=,rpkhIDZi8NZ1AZm+TeBtSWlWp+U=
2,80,Ju/bV0wOd3PTCnUTu2NcUbZRm8o=,rpkhIDZi8NZ1AZm+TeBtSWlWp+U=
1,95,Ju/bV0wOd3PTCnUTu2NcUbZRm8o=,rpkhIDZi8NZ1AZm+TeBtSWlWp+U=
8,95,Ju/bV0wOd3PTCnUTu2NcUbZRm8o=,rpkhIDZi8NZ1AZm+TeBtSWlWp+U=
0,81,Ju/bV0wOd3PTCnUTu2NcUbZRm8o=,rpkhIDZi8NZ1AZm+TeBtSWlWp+U=
9,83,Ju/bV0wOd3PTCnUTu2NcUbZRm8o=,rpkhIDZi8NZ1AZm+TeBtSWlWp+U=
15,93,Ju/bV0wOd3PTCnUTu2NcUbZRm8o=,rpkhIDZi8NZ1AZm+TeBtSWlWp+U=
14,93,Ju/bV0wOd3PTCnUTu2NcUbZRm8o=,rpkhIDZi8NZ1AZm+TeBtSWlWp+U=
12,93,Ju/bV0wOd3PTCnUTu2NcUbZRm8o=,rpkhIDZi8NZ1AZm+TeBtSWlWp+U=
13,93,Ju/bV0wOd3PTCnUTu2NcUbZRm8o=,rpkhIDZi8NZ1AZm+TeBtSWlWp+U=
11,93,Ju/bV0wOd3PTCnUTu2NcUbZRm8o=,rpkhIDZi8NZ1AZm+TeBtSWlWp+U=
0,94,Ju/bV0wOd3PTCnUTu2NcUbZRm8o=,rpkhIDZi8NZ1AZm+TeBtSWlWp+U=
9,93,Ju/bV0wOd3PTCnUTu2NcUbZRm8o=,rpkhIDZi8NZ1AZm+TeBtSWlWp+U=
10,93,Ju/bV0wOd3PTCnUTu2NcUbZRm8o=,rpkhIDZi8NZ1AZm+TeBtSWlWp+U=
1,82,Ju/bV0wOd3PTCnUTu2NcUbZRm8o=,rpkhIDZi8NZ1AZm+TeBtSWlWp+U=
6,93,Ju/bV0wOd3PTCnUTu2NcUbZRm8o=,rpkhIDZi8NZ1AZm+TeBtSWlWp+U=
1,81,Ju/bV0wOd3PTCnUTu2NcUbZRm8o=,rpkhIDZi8NZ1AZm+TeBtSWlWp+U=
5,93,Ju/bV0wOd3PTCnUTu2NcUbZRm8o=,rpkhIDZi8NZ1AZm+TeBtSWlWp+U=
7,93,Ju/bV0wOd3PTCnUTu2NcUbZRm8o=,rpkhIDZi8NZ1AZm+TeBtSWlWp+U=
4,93,Ju/bV0wOd3PTCnUTu2NcUbZRm8o=,rpkhIDZi8NZ1AZm+TeBtSWlWp+U=
3,93,Ju/bV0wOd3PTCnUTu2NcUbZRm8o=,rpkhIDZi8NZ1AZm+TeBtSWlWp+U=
4,94,Ju/bV0wOd3PTCnUTu2NcUbZRm8o=,rpkhIDZi8NZ1AZm+TeBtSWlWp+U=
5,94,Ju/bV0wOd3PTCnUTu2NcUbZRm8o=,rpkhIDZi8NZ1AZm+TeBtSWlWp+U=
8,83,Ju/bV0wOd3PTCnUTu2NcUbZRm8o=,rpkhIDZi8NZ1AZm+TeBtSWlWp+U=
8,94,Ju/bV0wOd3PTCnUTu2NcUbZRm8o=,rpkhIDZi8NZ1AZm+TeBtSWlWp+U=
8,93,Ju/bV0wOd3PTCnUTu2NcUbZRm8o=,rpkhIDZi8NZ1AZm+TeBtSWlWp+U=
15,81,Ju/bV0wOd3PTCnUTu2NcUbZRm8o=,rpkhIDZi8NZ1AZm+TeBtSWlWp+U=
1,80,Ju/bV0wOd3PTCnUTu2NcUbZRm8o=,rpkhIDZi8NZ1AZm+TeBtSWlWp+U=
13,92,Ju/bV0wOd3PTCnUTu2NcUbZRm8o=,rpkhIDZi8NZ1AZm+TeBtSWlWp+U=
14,92,Ju/bV0wOd3PTCnUTu2NcUbZRm8o=,rpkhIDZi8NZ1AZm+TeBtSWlWp+U=
12,92,Ju/bV0wOd3PTCnUTu2NcUbZRm8o=,rpkhIDZi8NZ1AZm+TeBtSWlWp+U=
15,92,Ju/bV0wOd3PTCnUTu2NcUbZRm8o=,rpkhIDZi8NZ1AZm+TeBtSWlWp+U=
11,92,Ju/bV0wOd3PTCnUTu2NcUbZRm8o=,rpkhIDZi8NZ1AZm+TeBtSWlWp+U=
14,81,Ju/bV0wOd3PTCnUTu2NcUbZRm8o=,rpkhIDZi8NZ1AZm+TeBtSWlWp+U=
9,92,Ju/bV0wOd3PTCnUTu2NcUbZRm8o=,rpkhIDZi8NZ1AZm+TeBtSWlWp+U=
3,94,Ju/bV0wOd3PTCnUTu2NcUbZRm8o=,rpkhIDZi8NZ1AZm+TeBtSWlWp+U=
0,93,Ju/bV0wOd3PTCnUTu2NcUbZRm8o=,rpkhIDZi8NZ1AZm+TeBtSWlWp+U=
1,94,Ju/bV0wOd3PTCnUTu2NcUbZRm8o=,rpkhIDZi8NZ1AZm+TeBtSWlWp+U=
7,92,Ju/bV0wOd3PTCnUTu2NcUbZRm8o=,rpkhIDZi8NZ1AZm+TeBtSWlWp+U=
6,92,Ju/bV0wOd3PTCnUTu2NcUbZRm8o=,rpkhIDZi8NZ1AZm+TeBtSWlWp+U=
13,82,Ju/bV0wOd3PTCnUTu2NcUbZRm8o=,rpkhIDZi8NZ1AZm+TeBtSWlWp+U=
8,92,Ju/bV0wOd3PTCnUTu2NcUbZRm8o=,rpkhIDZi8NZ1AZm+TeBtSWlWp+U=
10,92,Ju/bV0wOd3PTCnUTu2NcUbZRm8o=,rpkhIDZi8NZ1AZm+TeBtSWlWp+U=
5,92,Ju/bV0wOd3PTCnUTu2NcUbZRm8o=,rpkhIDZi8NZ1AZm+TeBtSWlWp+U=
4,92,Ju/bV0wOd3PTCnUTu2NcUbZRm8o=,rpkhIDZi8NZ1AZm+TeBtSWlWp+U=
2,94,Ju/bV0wOd3PTCnUTu2NcUbZRm8o=,rpkhIDZi8NZ1AZm+TeBtSWlWp+U=
2,95,Ju/bV0wOd3PTCnUTu2NcUbZRm8o=,rpkhIDZi8NZ1AZm+TeBtSWlWp+U=
15,91,Ju/bV0wOd3PTCnUTu2NcUbZRm8o=,rpkhIDZi8NZ1AZm+TeBtSWlWp+U=
14,91,Ju/bV0wOd3PTCnUTu2NcUbZRm8o=,rpkhIDZi8NZ1AZm+TeBtSWlWp+U=
12,83,Ju/bV0wOd3PTCnUTu2NcUbZRm8o=,rpkhIDZi8NZ1AZm+TeBtSWlWp+U=
13,91,Ju/bV0wOd3PTCnUTu2NcUbZRm8o=,rpkhIDZi8NZ1AZm+TeBtSWlWp+U=
11,91,Ju/bV0wOd3PTCnUTu2NcUbZRm8o=,rpkhIDZi8NZ1AZm+TeBtSWlWp+U=
10,91,Ju/bV0wOd3PTCnUTu2NcUbZRm8o=,rpkhIDZi8NZ1AZm+TeBtSWlWp+U=
9,91,Ju/bV0wOd3PTCnUTu2NcUbZRm8o=,rpkhIDZi8NZ1AZm+TeBtSWlWp+U=
8,91,Ju/bV0wOd3PTCnUTu2NcUbZRm8o=,rpkhIDZi8NZ1AZm+TeBtSWlWp+U=
15,80,Ju/bV0wOd3PTCnUTu2NcUbZRm8o=,rpkhIDZi8NZ1AZm+TeBtSWlWp+U=
1,93,Ju/bV0wOd3PTCnUTu2NcUbZRm8o=,rpkhIDZi8NZ1AZm+TeBtSWlWp+U=
12,91,Ju/bV0wOd3PTCnUTu2NcUbZRm8o=,rpkhIDZi8NZ1AZm+TeBtSWlWp+U=
6,83,Ju/bV0wOd3PTCnUTu2NcUbZRm8o=,rpkhIDZi8NZ1AZm+TeBtSWlWp+U=
4,91,Ju/bV0wOd3PTCnUTu2NcUbZRm8o=,rpkhIDZi8NZ1AZm+TeBtSWlWp+U=
3,95,Ju/bV0wOd3PTCnUTu2NcUbZRm8o=,rpkhIDZi8NZ1AZm+TeBtSWlWp+U=
10,81,Ju/bV0wOd3PTCnUTu2NcUbZRm8o=,rpkhIDZi8NZ1AZm+TeBtSWlWp+U=
2,91,Ju/bV0wOd3PTCnUTu2NcUbZRm8o=,rpkhIDZi8NZ1AZm+TeBtSWlWp+U=
11,81,Ju/bV0wOd3PTCnUTu2NcUbZRm8o=,rpkhIDZi8NZ1AZm+TeBtSWlWp+U=
5,91,Ju/bV0wOd3PTCnUTu2NcUbZRm8o=,rpkhIDZi8NZ1AZm+TeBtSWlWp+U=
0,91,Ju/bV0wOd3PTCnUTu2NcUbZRm8o=,rpkhIDZi8NZ1AZm+TeBtSWlWp+U=
6,91,Ju/bV0wOd3PTCnUTu2NcUbZRm8o=,rpkhIDZi8NZ1AZm+TeBtSWlWp+U=
15,90,Ju/bV0wOd3PTCnUTu2NcUbZRm8o=,rpkhIDZi8NZ1AZm+TeBtSWlWp+U=
13,90,Ju/bV0wOd3PTCnUTu2NcUbZRm8o=,rpkhIDZi8NZ1AZm+TeBtSWlWp+U=
3,92,Ju/bV0wOd3PTCnUTu2NcUbZRm8o=,rpkhIDZi8NZ1AZm+TeBtSWlWp+U=
7,83,Ju/bV0wOd3PTCnUTu2NcUbZRm8o=,rpkhIDZi8NZ1AZm+TeBtSWlWp+U=
10,90,Ju/bV0wOd3PTCnUTu2NcUbZRm8o=,rpkhIDZi8NZ1AZm+TeBtSWlWp+U=
9,90,Ju/bV0wOd3PTCnUTu2NcUbZRm8o=,rpkhIDZi8NZ1AZm+TeBtSWlWp+U=
0,92,Ju/bV0wOd3PTCnUTu2NcUbZRm8o=,rpkhIDZi8NZ1AZm+TeBtSWlWp+U=
8,90,Ju/bV0wOd3PTCnUTu2NcUbZRm8o=,rpkhIDZi8NZ1AZm+TeBtSWlWp+U=
11,90,Ju/bV0wOd3PTCnUTu2NcUbZRm8o=,rpkhIDZi8NZ1AZm+TeBtSWlWp+U=
7,90,Ju/bV0wOd3PTCnUTu2NcUbZRm8o=,rpkhIDZi8NZ1AZm+TeBtSWlWp+U=
5,83,Ju/bV0wOd3PTCnUTu2NcUbZRm8o=,rpkhIDZi8NZ1AZm+TeBtSWlWp+U=
6,90,Ju/bV0wOd3PTCnUTu2NcUbZRm8o=,rpkhIDZi8NZ1AZm+TeBtSWlWp+U=
4,90,Ju/bV0wOd3PTCnUTu2NcUbZRm8o=,rpkhIDZi8NZ1AZm+TeBtSWlWp+U=
3,90,Ju/bV0wOd3PTCnUTu2NcUbZRm8o=,rpkhIDZi8NZ1AZm+TeBtSWlWp+U=
2,90,Ju/bV0wOd3PTCnUTu2NcUbZRm8o=,rpkhIDZi8NZ1AZm+TeBtSWlWp+U=
7,91,Ju/bV0wOd3PTCnUTu2NcUbZRm8o=,rpkhIDZi8NZ1AZm+TeBtSWlWp+U=
9,81,Ju/bV0wOd3PTCnUTu2NcUbZRm8o=,rpkhIDZi8NZ1AZm+TeBtSWlWp+U=
1,90,Ju/bV0wOd3PTCnUTu2NcUbZRm8o=,rpkhIDZi8NZ1AZm+TeBtSWlWp+U=
0,90,Ju/bV0wOd3PTCnUTu2NcUbZRm8o=,rpkhIDZi8NZ1AZm+TeBtSWlWp+U=
15,89,Ju/bV0wOd3PTCnUTu2NcUbZRm8o=,rpkhIDZi8NZ1AZm+TeBtSWlWp+U=
14,89,Ju/bV0wOd3PTCnUTu2NcUbZRm8o=,rpkhIDZi8NZ1AZm+TeBtSWlWp+U=
13,89,Ju/bV0wOd3PTCnUTu2NcUbZRm8o=,rpkhIDZi8NZ1AZm+TeBtSWlWp+U=
12,89,Ju/bV0wOd3PTCnUTu2NcUbZRm8o=,rpkhIDZi8NZ1AZm+TeBtSWlWp+U=
11,89,Ju/bV0wOd3PTCnUTu2NcUbZRm8o=,rpkhIDZi8NZ1AZm+TeBtSWlWp+U=
10,89,Ju/bV0wOd3PTCnUTu2NcUbZRm8o=,rpkhIDZi8NZ1AZm+TeBtSWlWp+U=
9,89,Ju/bV0wOd3PTCnUTu2NcUbZRm8o=,rpkhIDZi8NZ1AZm+TeBtSWlWp+U=
7,89,Ju/bV0wOd3PTCnUTu2NcUbZRm8o=,rpkhIDZi8NZ1AZm+TeBtSWlWp+U=
4,83,Ju/bV0wOd3PTCnUTu2NcUbZRm8o=,rpkhIDZi8NZ1AZm+TeBtSWlWp+U=
8,89,Ju/bV0wOd3PTCnUTu2NcUbZRm8o=,rpkhIDZi8NZ1AZm+TeBtSWlWp+U=
6,89,Ju/bV0wOd3PTCnUTu2NcUbZRm8o=,rpkhIDZi8NZ1AZm+TeBtSWlWp+U=
4,89,Ju/bV0wOd3PTCnUTu2NcUbZRm8o=,rpkhIDZi8NZ1AZm+TeBtSWlWp+U=
5,89,Ju/bV0wOd3PTCnUTu2NcUbZRm8o=,rpkhIDZi8NZ1AZm+TeBtSWlWp+U=
3,89,Ju/bV0wOd3PTCnUTu2NcUbZRm8o=,rpkhIDZi8NZ1AZm+TeBtSWlWp+U=
2,89,Ju/bV0wOd3PTCnUTu2NcUbZRm8o=,rpkhIDZi8NZ1AZm+TeBtSWlWp+U=
1,89,Ju/bV0wOd3PTCnUTu2NcUbZRm8o=,rpkhIDZi8NZ1AZm+TeBtSWlWp+U=
8,81,Ju/bV0wOd3PTCnUTu2NcUbZRm8o=,rpkhIDZi8NZ1AZm+TeBtSWlWp+U=
0,89,Ju/bV0wOd3PTCnUTu2NcUbZRm8o=,rpkhIDZi8NZ1AZm+TeBtSWlWp+U=
4,95,Ju/bV0wOd3PTCnUTu2NcUbZRm8o=,rpkhIDZi8NZ1AZm+TeBtSWlWp+U=
3,91,Ju/bV0wOd3PTCnUTu2NcUbZRm8o=,rpkhIDZi8NZ1AZm+TeBtSWlWp+U=
13,88,Ju/bV0wOd3PTCnUTu2NcUbZRm8o=,rpkhIDZi8NZ1AZm+TeBtSWlWp+U=
12,88,Ju/bV0wOd3PTCnUTu2NcUbZRm8o=,rpkhIDZi8NZ1AZm+TeBtSWlWp+U=
12,90,Ju/bV0wOd3PTCnUTu2NcUbZRm8o=,rpkhIDZi8NZ1AZm+TeBtSWlWp+U=
10,88,Ju/bV0wOd3PTCnUTu2NcUbZRm8o=,rpkhIDZi8NZ1AZm+TeBtSWlWp+U=
9,88,Ju/bV0wOd3PTCnUTu2NcUbZRm8o=,rpkhIDZi8NZ1AZm+TeBtSWlWp+U=
8,88,Ju/bV0wOd3PTCnUTu2NcUbZRm8o=,rpkhIDZi8NZ1AZm+TeBtSWlWp+U=
10,80,Ju/bV0wOd3PTCnUTu2NcUbZRm8o=,rpkhIDZi8NZ1AZm+TeBtSWlWp+U=
3,83,Ju/bV0wOd3PTCnUTu2NcUbZRm8o=,rpkhIDZi8NZ1AZm+TeBtSWlWp+U=
14,82,Ju/bV0wOd3PTCnUTu2NcUbZRm8o=,rpkhIDZi8NZ1AZm+TeBtSWlWp+U=
4,80,Ju/bV0wOd3PTCnUTu2NcUbZRm8o=,rpkhIDZi8NZ1AZm+TeBtSWlWp+U=
12,82,Ju/bV0wOd3PTCnUTu2NcUbZRm8o=,rpkhIDZi8NZ1AZm+TeBtSWlWp+U=
5,88,Ju/bV0wOd3PTCnUTu2NcUbZRm8o=,rpkhIDZi8NZ1AZm+TeBtSWlWp+U=
3,88,Ju/bV0wOd3PTCnUTu2NcUbZRm8o=,rpkhIDZi8NZ1AZm+TeBtSWlWp+U=
4,88,Ju/bV0wOd3PTCnUTu2NcUbZRm8o=,rpkhIDZi8NZ1AZm+TeBtSWlWp+U=
1,88,Ju/bV0wOd3PTCnUTu2NcUbZRm8o=,rpkhIDZi8NZ1AZm+TeBtSWlWp+U=
0,88,Ju/bV0wOd3PTCnUTu2NcUbZRm8o=,rpkhIDZi8NZ1AZm+TeBtSWlWp+U=
7,81,Ju/bV0wOd3PTCnUTu2NcUbZRm8o=,rpkhIDZi8NZ1AZm+TeBtSWlWp+U=
7,88,Ju/bV0wOd3PTCnUTu2NcUbZRm8o=,rpkhIDZi8NZ1AZm+TeBtSWlWp+U=
15,87,Ju/bV0wOd3PTCnUTu2NcUbZRm8o=,rpkhIDZi8NZ1AZm+TeBtSWlWp+U=
2,88,Ju/bV0wOd3PTCnUTu2NcUbZRm8o=,rpkhIDZi8NZ1AZm+TeBtSWlWp+U=
13,87,Ju/bV0wOd3PTCnUTu2NcUbZRm8o=,rpkhIDZi8NZ1AZm+TeBtSWlWp+U=
14,87,Ju/bV0wOd3PTCnUTu2NcUbZRm8o=,rpkhIDZi8NZ1AZm+TeBtSWlWp+U=
11,87,Ju/bV0wOd3PTCnUTu2NcUbZRm8o=,rpkhIDZi8NZ1AZm+TeBtSWlWp+U=
12,87,Ju/bV0wOd3PTCnUTu2NcUbZRm8o=,rpkhIDZi8NZ1AZm+TeBtSWlWp+U=
10,87,Ju/bV0wOd3PTCnUTu2NcUbZRm8o=,rpkhIDZi8NZ1AZm+TeBtSWlWp+U=
6,88,Ju/bV0wOd3PTCnUTu2NcUbZRm8o=,rpkhIDZi8NZ1AZm+TeBtSWlWp+U=
9,80,Ju/bV0wOd3PTCnUTu2NcUbZRm8o=,rpkhIDZi8NZ1AZm+TeBtSWlWp+U=
2,83,Ju/bV0wOd3PTCnUTu2NcUbZRm8o=,rpkhIDZi8NZ1AZm+TeBtSWlWp+U=
15,88,Ju/bV0wOd3PTCnUTu2NcUbZRm8o=,rpkhIDZi8NZ1AZm+TeBtSWlWp+U=
8,87,Ju/bV0wOd3PTCnUTu2NcUbZRm8o=,rpkhIDZi8NZ1AZm+TeBtSWlWp+U=
7,87,Ju/bV0wOd3PTCnUTu2NcUbZRm8o=,rpkhIDZi8NZ1AZm+TeBtSWlWp+U=
6,87,Ju/bV0wOd3PTCnUTu2NcUbZRm8o=,rpkhIDZi8NZ1AZm+TeBtSWlWp+U=
5,87,Ju/bV0wOd3PTCnUTu2NcUbZRm8o=,rpkhIDZi8NZ1AZm+TeBtSWlWp+U=
4,87,Ju/bV0wOd3PTCnUTu2NcUbZRm8o=,rpkhIDZi8NZ1AZm+TeBtSWlWp+U=
1,91,Ju/bV0wOd3PTCnUTu2NcUbZRm8o=,rpkhIDZi8NZ1AZm+TeBtSWlWp+U=
2,87,Ju/bV0wOd3PTCnUTu2NcUbZRm8o=,rpkhIDZi8NZ1AZm+TeBtSWlWp+U=
3,87,Ju/bV0wOd3PTCnUTu2NcUbZRm8o=,rpkhIDZi8NZ1AZm+TeBtSWlWp+U=
1,87,Ju/bV0wOd3PTCnUTu2NcUbZRm8o=,rpkhIDZi8NZ1AZm+TeBtSWlWp+U=
0,87,Ju/bV0wOd3PTCnUTu2NcUbZRm8o=,rpkhIDZi8NZ1AZm+TeBtSWlWp+U=
6,81,Ju/bV0wOd3PTCnUTu2NcUbZRm8o=,rpkhIDZi8NZ1AZm+TeBtSWlWp+U=
15,86,Ju/bV0wOd3PTCnUTu2NcUbZRm8o=,rpkhIDZi8NZ1AZm+TeBtSWlWp+U=
14,86,Ju/bV0wOd3PTCnUTu2NcUbZRm8o=,rpkhIDZi8NZ1AZm+TeBtSWlWp+U=
13,86,Ju/bV0wOd3PTCnUTu2NcUbZRm8o=,rpkhIDZi8NZ1AZm+TeBtSWlWp+U=
11,86,Ju/bV0wOd3PTCnUTu2NcUbZRm8o=,rpkhIDZi8NZ1AZm+TeBtSWlWp+U=
10,86,Ju/bV0wOd3PTCnUTu2NcUbZRm8o=,rpkhIDZi8NZ1AZm+TeBtSWlWp+U=
8,80,Ju/bV0wOd3PTCnUTu2NcUbZRm8o=,rpkhIDZi8NZ1AZm+TeBtSWlWp+U=
12,86,Ju/bV0wOd3PTCnUTu2NcUbZRm8o=,rpkhIDZi8NZ1AZm+TeBtSWlWp+U=
9,86,Ju/bV0wOd3PTCnUTu2NcUbZRm8o=,rpkhIDZi8NZ1AZm+TeBtSWlWp+U=
8,86,Ju/bV0wOd3PTCnUTu2NcUbZRm8o=,rpkhIDZi8NZ1AZm+TeBtSWlWp+U=
7,86,Ju/bV0wOd3PTCnUTu2NcUbZRm8o=,rpkhIDZi8NZ1AZm+TeBtSWlWp+U=
5,86,Ju/bV0wOd3PTCnUTu2NcUbZRm8o=,rpkhIDZi8NZ1AZm+TeBtSWlWp+U=
6,86,Ju/bV0wOd3PTCnUTu2NcUbZRm8o=,rpkhIDZi8NZ1AZm+TeBtSWlWp+U=
4,86,Ju/bV0wOd3PTCnUTu2NcUbZRm8o=,rpkhIDZi8NZ1AZm+TeBtSWlWp+U=
3,86,Ju/bV0wOd3PTCnUTu2NcUbZRm8o=,rpkhIDZi8NZ1AZm+TeBtSWlWp+U=
2,86,Ju/bV0wOd3PTCnUTu2NcUbZRm8o=,rpkhIDZi8NZ1AZm+TeBtSWlWp+U=
14,90,Ju/bV0wOd3PTCnUTu2NcUbZRm8o=,rpkhIDZi8NZ1AZm+TeBtSWlWp+U=
1,86,Ju/bV0wOd3PTCnUTu2NcUbZRm8o=,rpkhIDZi8NZ1AZm+TeBtSWlWp+U=
0,86,Ju/bV0wOd3PTCnUTu2NcUbZRm8o=,rpkhIDZi8NZ1AZm+TeBtSWlWp+U=
5,81,Ju/bV0wOd3PTCnUTu2NcUbZRm8o=,rpkhIDZi8NZ1AZm+TeBtSWlWp+U=
13,81,Ju/bV0wOd3PTCnUTu2NcUbZRm8o=,rpkhIDZi8NZ1AZm+TeBtSWlWp+U=
11,88,Ju/bV0wOd3PTCnUTu2NcUbZRm8o=,rpkhIDZi8NZ1AZm+TeBtSWlWp+U=
12,85,Ju/bV0wOd3PTCnUTu2NcUbZRm8o=,rpkhIDZi8NZ1AZm+TeBtSWlWp+U=
5,90,Ju/bV0wOd3PTCnUTu2NcUbZRm8o=,rpkhIDZi8NZ1AZm+TeBtSWlWp+U=
9,87,Ju/bV0wOd3PTCnUTu2NcUbZRm8o=,rpkhIDZi8NZ1AZm+TeBtSWlWp+U=
7,80,Ju/bV0wOd3PTCnUTu2NcUbZRm8o=,rpkhIDZi8NZ1AZm+TeBtSWlWp+U=
4,81,Ju/bV0wOd3PTCnUTu2NcUbZRm8o=,rpkhIDZi8NZ1AZm+TeBtSWlWp+U=
9,85,Ju/bV0wOd3PTCnUTu2NcUbZRm8o=,rpkhIDZi8NZ1AZm+TeBtSWlWp+U=
10,85,Ju/bV0wOd3PTCnUTu2NcUbZRm8o=,rpkhIDZi8NZ1AZm+TeBtSWlWp+U=
8,85,Ju/bV0wOd3PTCnUTu2NcUbZRm8o=,rpkhIDZi8NZ1AZm+TeBtSWlWp+U=
6,85,Ju/bV0wOd3PTCnUTu2NcUbZRm8o=,rpkhIDZi8NZ1AZm+TeBtSWlWp+U=
5,85,Ju/bV0wOd3PTCnUTu2NcUbZRm8o=,rpkhIDZi8NZ1AZm+TeBtSWlWp+U=
4,85,Ju/bV0wOd3PTCnUTu2NcUbZRm8o=,rpkhIDZi8NZ1AZm+TeBtSWlWp+U=
3,85,Ju/bV0wOd3PTCnUTu2NcUbZRm8o=,rpkhIDZi8NZ1AZm+TeBtSWlWp+U=
2,85,Ju/bV0wOd3PTCnUTu2NcUbZRm8o=,rpkhIDZi8NZ1AZm+TeBtSWlWp+U=
1,85,Ju/bV0wOd3PTCnUTu2NcUbZRm8o=,rpkhIDZi8NZ1AZm+TeBtSWlWp+U=
0,85,Ju/bV0wOd3PTCnUTu2NcUbZRm8o=,rpkhIDZi8NZ1AZm+TeBtSWlWp+U=
0,83,Ju/bV0wOd3PTCnUTu2NcUbZRm8o=,rpkhIDZi8NZ1AZm+TeBtSWlWp+U=
3,81,Ju/bV0wOd3PTCnUTu2NcUbZRm8o=,rpkhIDZi8NZ1AZm+TeBtSWlWp+U=
14,88,Ju/bV0wOd3PTCnUTu2NcUbZRm8o=,rpkhIDZi8NZ1AZm+TeBtSWlWp+U=
11,85,Ju/bV0wOd3PTCnUTu2NcUbZRm8o=,rpkhIDZi8NZ1AZm+TeBtSWlWp+U=
1,83,Ju/bV0wOd3PTCnUTu2NcUbZRm8o=,rpkhIDZi8NZ1AZm+TeBtSWlWp+U=
6,80,Ju/bV0wOd3PTCnUTu2NcUbZRm8o=,rpkhIDZi8NZ1AZm+TeBtSWlWp+U=
11,84,Ju/bV0wOd3PTCnUTu2NcUbZRm8o=,rpkhIDZi8NZ1AZm+TeBtSWlWp+U=
11,80,Ju/bV0wOd3PTCnUTu2NcUbZRm8o=,rpkhIDZi8NZ1AZm+TeBtSWlWp+U=
10,84,Ju/bV0wOd3PTCnUTu2NcUbZRm8o=,rpkhIDZi8NZ1AZm+TeBtSWlWp+U=
9,84,Ju/bV0wOd3PTCnUTu2NcUbZRm8o=,rpkhIDZi8NZ1AZm+TeBtSWlWp+U=
8,84,Ju/bV0wOd3PTCnUTu2NcUbZRm8o=,rpkhIDZi8NZ1AZm+TeBtSWlWp+U=
13,80,Ju/bV0wOd3PTCnUTu2NcUbZRm8o=,rpkhIDZi8NZ1AZm+TeBtSWlWp+U=
7,84,Ju/bV0wOd3PTCnUTu2NcUbZRm8o=,rpkhIDZi8NZ1AZm+TeBtSWlWp+U=
1,92,Ju/bV0wOd3PTCnUTu2NcUbZRm8o=,rpkhIDZi8NZ1AZm+TeBtSWlWp+U=
2,93,Ju/bV0wOd3PTCnUTu2NcUbZRm8o=,rpkhIDZi8NZ1AZm+TeBtSWlWp+U=
12,81,Ju/bV0wOd3PTCnUTu2NcUbZRm8o=,rpkhIDZi8NZ1AZm+TeBtSWlWp+U=
4,84,Ju/bV0wOd3PTCnUTu2NcUbZRm8o=,rpkhIDZi8NZ1AZm+TeBtSWlWp+U=
3,84,Ju/bV0wOd3PTCnUTu2NcUbZRm8o=,rpkhIDZi8NZ1AZm+TeBtSWlWp+U=
2,84,Ju/bV0wOd3PTCnUTu2NcUbZRm8o=,rpkhIDZi8NZ1AZm+TeBtSWlWp+U=
5,80,Ju/bV0wOd3PTCnUTu2NcUbZRm8o=,rpkhIDZi8NZ1AZm+TeBtSWlWp+U=
1,84,Ju/bV0wOd3PTCnUTu2NcUbZRm8o=,rpkhIDZi8NZ1AZm+TeBtSWlWp+U=
0,84,Ju/bV0wOd3PTCnUTu2NcUbZRm8o=,rpkhIDZi8NZ1AZm+TeBtSWlWp+U=
14,80,Ju/bV0wOd3PTCnUTu2NcUbZRm8o=,rpkhIDZi8NZ1AZm+TeBtSWlWp+U=
7,85,Ju/bV0wOd3PTCnUTu2NcUbZRm8o=,rpkhIDZi8NZ1AZm+TeBtSWlWp+U=
6,84,Ju/bV0wOd3PTCnUTu2NcUbZRm8o=,rpkhIDZi8NZ1AZm+TeBtSWlWp+U=
5,84,Ju/bV0wOd3PTCnUTu2NcUbZRm8o=,rpkhIDZi8NZ1AZm+TeBtSWlWp+U=
2,81,Ju/bV0wOd3PTCnUTu2NcUbZRm8o=,rpkhIDZi8NZ1AZm+TeBtSWlWp+U=
13,85,Ju/bV0wOd3PTCnUTu2NcUbZRm8o=,rpkhIDZi8NZ1AZm+TeBtSWlWp+U=
15,82,Ju/bV0wOd3PTCnUTu2NcUbZRm8o=,rpkhIDZi8NZ1AZm+TeBtSWlWp+U=
2,92,Ju/bV0wOd3PTCnUTu2NcUbZRm8o=,rpkhIDZi8NZ1AZm+TeBtSWlWp+U=
15,84,Ju/bV0wOd3PTCnUTu2NcUbZRm8o=,rpkhIDZi8NZ1AZm+TeBtSWlWp+U=
0,80,Ju/bV0wOd3PTCnUTu2NcUbZRm8o=,rpkhIDZi8NZ1AZm+TeBtSWlWp+U=
12,80,Ju/bV0wOd3PTCnUTu2NcUbZRm8o=,rpkhIDZi8NZ1AZm+TeBtSWlWp+U=
12,84,Ju/bV0wOd3PTCnUTu2NcUbZRm8o=,rpkhIDZi8NZ1AZm+TeBtSWlWp+U=
13,84,Ju/bV0wOd3PTCnUTu2NcUbZRm8o=,rpkhIDZi8NZ1AZm+TeBtSWlWp+U=
15,83,Ju/bV0wOd3PTCnUTu2NcUbZRm8o=,rpkhIDZi8NZ1AZm+TeBtSWlWp+U=
15,85,Ju/bV0wOd3PTCnUTu2NcUbZRm8o=,rpkhIDZi8NZ1AZm+TeBtSWlWp+U=
14,84,Ju/bV0wOd3PTCnUTu2NcUbZRm8o=,rpkhIDZi8NZ1AZm+TeBtSWlWp+U=
14,83,Ju/bV0wOd3PTCnUTu2NcUbZRm8o=,rpkhIDZi8NZ1AZm+TeBtSWlWp+U=
13,83,Ju/bV0wOd3PTCnUTu2NcUbZRm8o=,rpkhIDZi8NZ1AZm+TeBtSWlWp+U=
14,85,Ju/bV0wOd3PTCnUTu2NcUbZRm8o=,rpkhIDZi8NZ1AZm+TeBtSWlWp+U=
31,95,d1zKxIQRY6uqdgFBIh7IrQs8xxs=,eX7NtPIJwkpbT1lUZD1YrhayfIA=
30,95,d1zKxIQRY6uqdgFBIh7IrQs8xxs=,eX7NtPIJwkpbT1lUZD1YrhayfIA=
28,95,d1zKxIQRY6uqdgFBIh7IrQs8xxs=,eX7NtPIJwkpbT1lUZD1YrhayfIA=
29,95,d1zKxIQRY6uqdgFBIh7IrQs8xxs=,eX7NtPIJwkpbT1lUZD1YrhayfIA=
25,95,d1zKxIQRY6uqdgFBIh7IrQs8xxs=,eX7NtPIJwkpbT1lUZD1YrhayfIA=
26,95,d1zKxIQRY6uqdgFBIh7IrQs8xxs=,eX7NtPIJwkpbT1lUZD1YrhayfIA=
23,95,d1zKxIQRY6uqdgFBIh7IrQs8xxs=,eX7NtPIJwkpbT1lUZD1YrhayfIA=
26,82,d1zKxIQRY6uqdgFBIh7IrQs8xxs=,eX7NtPIJwkpbT1lUZD1YrhayfIA=
19,80,d1zKxIQRY6uqdgFBIh7IrQs8xxs=,eX7NtPIJwkpbT1lUZD1YrhayfIA=
21,95,d1zKxIQRY6uqdgFBIh7IrQs8xxs=,eX7NtPIJwkpbT1lUZD1YrhayfIA=
20,95,d1zKxIQRY6uqdgFBIh7IrQs8xxs=,eX7NtPIJwkpbT1lUZD1YrhayfIA=
22,95,d1zKxIQRY6uqdgFBIh7IrQs8xxs=,eX7NtPIJwkpbT1lUZD1YrhayfIA=
27,82,d1zKxIQRY6uqdgFBIh7IrQs8xxs=,eX7NtPIJwkpbT1lUZD1YrhayfIA=
19,95,d1zKxIQRY6uqdgFBIh7IrQs8xxs=,eX7NtPIJwkpbT1lUZD1YrhayfIA=
18,95,d1zKxIQRY6uqdgFBIh7IrQs8xxs=,eX7NtPIJwkpbT1lUZD1YrhayfIA=
25,82,d1zKxIQRY6uqdgFBIh7IrQs8xxs=,eX7NtPIJwkpbT1lUZD1YrhayfIA=
17,95,d1zKxIQRY6uqdgFBIh7IrQs8xxs=,eX7NtPIJwkpbT1lUZD1YrhayfIA=
18,80,d1zKxIQRY6uqdgFBIh7IrQs8xxs=,eX7NtPIJwkpbT1lUZD1YrhayfIA=
31,94,d1zKxIQRY6uqdgFBIh7IrQs8xxs=,eX7NtPIJwkpbT1lUZD1YrhayfIA=
29,94,d1zKxIQRY6uqdgFBIh7IrQs8xxs=,eX7NtPIJwkpbT1lUZD1YrhayfIA=
30,94,d1zKxIQRY6uqdgFBIh7IrQs8xxs=,eX7NtPIJwkpbT1lUZD1YrhayfIA=
16,95,d1zKxIQRY6uqdgFBIh7IrQs8xxs=,eX7NtPIJwkpbT1lUZD1YrhayfIA=
28,94,d1zKxIQRY6uqdgFBIh7IrQs8xxs=,eX7NtPIJwkpbT1lUZD1YrhayfIA=
27,94,d1zKxIQRY6uqdgFBIh7IrQs8xxs=,eX7NtPIJwkpbT1lUZD1YrhayfIA=
26,94,d1zKxIQRY6uqdgFBIh7IrQs8xxs=,eX7NtPIJwkpbT1lUZD1YrhayfIA=
25,94,d1zKxIQRY6uqdgFBIh7IrQs8xxs=,eX7NtPIJwkpbT1lUZD1YrhayfIA=
23,94,d1zKxIQRY6uqdgFBIh7IrQs8xxs=,eX7NtPIJwkpbT1lUZD1YrhayfIA=
24,94,d1zKxIQRY6uqdgFBIh7IrQs8xxs=,eX7NtPIJwkpbT1lUZD1YrhayfIA=
22,94,d1zKxIQRY6uqdgFBIh7IrQs8xxs=,eX7NtPIJwkpbT1lUZD1YrhayfIA=
21,94,d1zKxIQRY6uqdgFBIh7IrQs8xxs=,eX7NtPIJwkpbT1lUZD1YrhayfIA=
31,81,d1zKxIQRY6uqdgFBIh7IrQs8xxs=,eX7NtPIJwkpbT1lUZD1YrhayfIA=
19,94,d1zKxIQRY6uqdgFBIh7IrQs8xxs=,eX7NtPIJwkpbT1lUZD1YrhayfIA=
27,95,d1zKxIQRY6uqdgFBIh7IrQs8xxs=,eX7NtPIJwkpbT1lUZD1YrhayfIA=
17,94,d1zKxIQRY6uqdgFBIh7IrQs8xxs=,eX7NtPIJwkpbT1lUZD1YrhayfIA=
20,82,d1zKxIQRY6uqdgFBIh7IrQs8xxs=,eX7NtPIJwkpbT1lUZD1YrhayfIA=
18,94,d1zKxIQRY6uqdgFBIh7IrQs8xxs=,eX7NtPIJwkpbT1lUZD1YrhayfIA=
19,82,d1zKxIQRY6uqdgFBIh7IrQs8xxs=,eX7NtPIJwkpbT1lUZD1YrhayfIA=
16,94,d1zKxIQRY6uqdgFBIh7IrQs8xxs=,eX7NtPIJwkpbT1lUZD1YrhayfIA=
31,93,d1zKxIQRY6uqdgFBIh7IrQs8xxs=,eX7NtPIJwkpbT1lUZD1YrhayfIA=
24,95,d1zKxIQRY6uqdgFBIh7IrQs8xxs=,eX7NtPIJwkpbT1lUZD1YrhayfIA=
30,93,d1zKxIQRY6uqdgFBIh7IrQs8xxs=,eX7NtPIJwkpbT1lUZD1YrhayfIA=
17,82,d1zKxIQRY6uqdgFBIh7IrQs8xxs=,eX7NtPIJwkpbT1lUZD1YrhayfIA=
29,93,d1zKxIQRY6uqdgFBIh7IrQs8xxs=,eX7NtPIJwkpbT1lUZD1YrhayfIA=
27,93,d1zKxIQRY6uqdgFBIh7IrQs8xxs=,eX7NtPIJwkpbT1lUZD1YrhayfIA=
16,82,d1zKxIQRY6uqdgFBIh7IrQs8xxs=,eX7NtPIJwkpbT1lUZD1YrhayfIA=
28,93,d1zKxIQRY6uqdgFBIh7IrQs8xxs=,eX7NtPIJwkpbT1lUZD1YrhayfIA=
25,93,d1zKxIQRY6uqdgFBIh7IrQs8xxs=,eX7NtPIJwkpbT1lUZD1YrhayfIA=
26,93,d1zKxIQRY6uqdgFBIh7IrQs8xxs=,eX7NtPIJwkpbT1lUZD1YrhayfIA=
23,93,d1zKxIQRY6uqdgFBIh7IrQs8xxs=,eX7NtPIJwkpbT1lUZD1YrhayfIA=
22,93,d1zKxIQRY6uqdgFBIh7IrQs8xxs=,eX7NtPIJwkpbT1lUZD1YrhayfIA=
21,93,d1zKxIQRY6uqdgFBIh7IrQs8xxs=,eX7NtPIJwkpbT1lUZD1YrhayfIA=
20,93,d1zKxIQRY6uqdgFBIh7IrQs8xxs=,eX7NtPIJwkpbT1lUZD1YrhayfIA=
24,93,d1zKxIQRY6uqdgFBIh7IrQs8xxs=,eX7NtPIJwkpbT1lUZD1YrhayfIA=
18,82,d1zKxIQRY6uqdgFBIh7IrQs8xxs=,eX7NtPIJwkpbT1lUZD1YrhayfIA=
22,82,d1zKxIQRY6uqdgFBIh7IrQs8xxs=,eX7NtPIJwkpbT1lUZD1YrhayfIA=
19,93,d1zKxIQRY6uqdgFBIh7IrQs8xxs=,eX7NtPIJwkpbT1lUZD1YrhayfIA=
17,93,d1zKxIQRY6uqdgFBIh7IrQs8xxs=,eX7NtPIJwkpbT1lUZD1YrhayfIA=
16,93,d1zKxIQRY6uqdgFBIh7IrQs8xxs=,eX7NtPIJwkpbT1lUZD1YrhayfIA=
31,92,d1zKxIQRY6uqdgFBIh7IrQs8xxs=,eX7NtPIJwkpbT1lUZD1YrhayfIA=
30,81,d1zKxIQRY6uqdgFBIh7IrQs8xxs=,eX7NtPIJwkpbT1lUZD1YrhayfIA=
30,92,d1zKxIQRY6uqdgFBIh7IrQs8xxs=,eX7NtPIJwkpbT1lUZD1YrhayfIA=
28,92,d1zKxIQRY6uqdgFBIh7IrQs8xxs=,eX7NtPIJwkpbT1lUZD1YrhayfIA=
29,92,d1zKxIQRY6uqdgFBIh7IrQs8xxs=,eX7NtPIJwkpbT1lUZD1YrhayfIA=
27,92,d1zKxIQRY6uqdgFBIh7IrQs8xxs=,eX7NtPIJwkpbT1lUZD1YrhayfIA=
26,92,d1zKxIQRY6uqdgFBIh7IrQs8xxs=,eX7NtPIJwkpbT1lUZD1YrhayfIA=
24,92,d1zKxIQRY6uqdgFBIh7IrQs8xxs=,eX7NtPIJwkpbT1lUZD1YrhayfIA=
25,92,d1zKxIQRY6uqdgFBIh7IrQs8xxs=,eX7NtPIJwkpbT1lUZD1YrhayfIA=
22,92,d1zKxIQRY6uqdgFBIh7IrQs8xxs=,eX7NtPIJwkpbT1lUZD1YrhayfIA=
21,92,d1zKxIQRY6uqdgFBIh7IrQs8xxs=,eX7NtPIJwkpbT1lUZD1YrhayfIA=
20,92,d1zKxIQRY6uqdgFBIh7IrQs8xxs=,eX7NtPIJwkpbT1lUZD1YrhayfIA=
26,83,d1zKxIQRY6uqdgFBIh7IrQs8xxs=,eX7NtPIJwkpbT1lUZD1YrhayfIA=
23,92,d1zKxIQRY6uqdgFBIh7IrQs8xxs=,eX7NtPIJwkpbT1lUZD1YrhayfIA=
23,82,d1zKxIQRY6uqdgFBIh7IrQs8xxs=,eX7NtPIJwkpbT1lUZD1YrhayfIA=
19,92,d1zKxIQRY6uqdgFBIh7IrQs8xxs=,eX7NtPIJwkpbT1lUZD1YrhayfIA=
18,92,d1zKxIQRY6uqdgFBIh7IrQs8xxs=,eX7NtPIJwkpbT1lUZD1YrhayfIA=
17,92,d1zKxIQRY6uqdgFBIh7IrQs8xxs=,eX7NtPIJwkpbT1lUZD1YrhayfIA=
16,92,d1zKxIQRY6uqdgFBIh7IrQs8xxs=,eX7NtPIJwkpbT1lUZD1YrhayfIA=
28,82,d1zKxIQRY6uqdgFBIh7IrQs8xxs=,eX7NtPIJwkpbT1lUZD1YrhayfIA=
21,82,d1zKxIQRY6uqdgFBIh7IrQs8xxs=,eX7NtPIJwkpbT1lUZD1YrhayfIA=
30,91,d1zKxIQRY6uqdgFBIh7IrQs8xxs=,eX7NtPIJwkpbT1lUZD1YrhayfIA=
29,91,d1zKxIQRY6uqdgFBIh7IrQs8xxs=,eX7NtPIJwkpbT1lUZD1YrhayfIA=
28,91,d1zKxIQRY6uqdgFBIh7IrQs8xxs=,eX7NtPIJwkpbT1lUZD1YrhayfIA=
25,91,d1zKxIQRY6uqdgFBIh7IrQs8xxs=,eX7NtPIJwkpbT1lUZD1YrhayfIA=
26,91,d1zKxIQRY6uqdgFBIh7IrQs8xxs=,eX7NtPIJwkpbT1lUZD1YrhayfIA=
27,91,d1zKxIQRY6uqdgFBIh7IrQs8xxs=,eX7NtPIJwkpbT1lUZD1YrhayfIA=
24,91,d1zKxIQRY6uqdgFBIh7IrQs8xxs=,eX7NtPIJwkpbT1lUZD1YrhayfIA=
23,91,d1zKxIQRY6uqdgFBIh7IrQs8xxs=,eX7NtPIJwkpbT1lUZD1YrhayfIA=
22,91,d1zKxIQRY6uqdgFBIh7IrQs8xxs=,eX7NtPIJwkpbT1lUZD1YrhayfIA=
21,91,d1zKxIQRY6uqdgFBIh7IrQs8xxs=,eX7NtPIJwkpbT1lUZD1YrhayfIA=
31,80,d1zKxIQRY6uqdgFBIh7IrQs8xxs=,eX7NtPIJwkpbT1lUZD1YrhayfIA=
29,82,d1zKxIQRY6uqdgFBIh7IrQs8xxs=,eX7NtPIJwkpbT1lUZD1YrhayfIA=
20,91,d1zKxIQRY6uqdgFBIh7IrQs8xxs=,eX7NtPIJwkpbT1lUZD1YrhayfIA=
19,91,d1zKxIQRY6uqdgFBIh7IrQs8xxs=,eX7NtPIJwkpbT1lUZD1YrhayfIA=
18,91,d1zKxIQRY6uqdgFBIh7IrQs8xxs=,eX7NtPIJwkpbT1lUZD1YrhayfIA=
17,91,d1zKxIQRY6uqdgFBIh7IrQs8xxs=,eX7NtPIJwkpbT1lUZD1YrhayfIA=
16,91,d1zKxIQRY6uqdgFBIh7IrQs8xxs=,eX7NtPIJwkpbT1lUZD1YrhayfIA=
31,90,d1zKxIQRY6uqdgFBIh7IrQs8xxs=,eX7NtPIJwkpbT1lUZD1YrhayfIA=
20,94,d1zKxIQRY6uqdgFBIh7IrQs8xxs=,eX7NtPIJwkpbT1lUZD1YrhayfIA=
30,90,d1zKxIQRY6uqdgFBIh7IrQs8xxs=,eX7NtPIJwkpbT1lUZD1YrhayfIA=
28,90,d1zKxIQRY6uqdgFBIh7IrQs8xxs=,eX7NtPIJwkpbT1lUZD1YrhayfIA=
17,81,d1zKxIQRY6uqdgFBIh7IrQs8xxs=,eX7NtPIJwkpbT1lUZD1YrhayfIA=
30,80,d1zKxIQRY6uqdgFBIh7IrQs8xxs=,eX7NtPIJwkpbT1lUZD1YrhayfIA=
25,90,d1zKxIQRY6uqdgFBIh7IrQs8xxs=,eX7NtPIJwkpbT1lUZD1YrhayfIA=
29,90,d1zKxIQRY6uqdgFBIh7IrQs8xxs=,eX7NtPIJwkpbT1lUZD1YrhayfIA=
23,90,d1zKxIQRY6uqdgFBIh7IrQs8xxs=,eX7NtPIJwkpbT1lUZD1YrhayfIA=
24,90,d1zKxIQRY6uqdgFBIh7IrQs8xxs=,eX7NtPIJwkpbT1lUZD1YrhayfIA=
22,90,d1zKxIQRY6uqdgFBIh7IrQs8xxs=,eX7NtPIJwkpbT1lUZD1YrhayfIA=
24,82,d1zKxIQRY6uqdgFBIh7IrQs8xxs=,eX7NtPIJwkpbT1lUZD1YrhayfIA=
26,81,d1zKxIQRY6uqdgFBIh7IrQs8xxs=,eX7NtPIJwkpbT1lUZD1YrhayfIA=
16,81,d1zKxIQRY6uqdgFBIh7IrQs8xxs=,eX7NtPIJwkpbT1lUZD1YrhayfIA=
21,90,d1zKxIQRY6uqdgFBIh7IrQs8xxs=,eX7NtPIJwkpbT1lUZD1YrhayfIA=
20,90,d1zKxIQRY6uqdgFBIh7IrQs8xxs=,eX7NtPIJwkpbT1lUZD1YrhayfIA=
17,90,d1zKxIQRY6uqdgFBIh7IrQs8xxs=,eX7NtPIJwkpbT1lUZD1YrhayfIA=
18,90,d1zKxIQRY6uqdgFBIh7IrQs8xxs=,eX7NtPIJwkpbT1lUZD1YrhayfIA=
16,90,d1zKxIQRY6uqdgFBIh7IrQs8xxs=,eX7NtPIJwkpbT1lUZD1YrhayfIA=
27,81,d1zKxIQRY6uqdgFBIh7IrQs8xxs=,eX7NtPIJwkpbT1lUZD1YrhayfIA=
31,89,d1zKxIQRY6uqdgFBIh7IrQs8xxs=,eX7NtPIJwkpbT1lUZD1YrhayfIA=
30,89,d1zKxIQRY6uqdgFBIh7IrQs8xxs=,eX7NtPIJwkpbT1lUZD1YrhayfIA=
29,89,d1zKxIQRY6uqdgFBIh7IrQs8xxs=,eX7NtPIJwkpbT1lUZD1YrhayfIA=
28,89,d1zKxIQRY6uqdgFBIh7IrQs8xxs=,eX7NtPIJwkpbT1lUZD1YrhayfIA=
27,89,d1zKxIQRY6uqdgFBIh7IrQs8xxs=,eX7NtPIJwkpbT1lUZD1YrhayfIA=
26,89,d1zKxIQRY6uqdgFBIh7IrQs8xxs=,eX7NtPIJwkpbT1lUZD1YrhayfIA=
25,89,d1zKxIQRY6uqdgFBIh7IrQs8xxs=,eX7NtPIJwkpbT1lUZD1YrhayfIA=
23,89,d1zKxIQRY6uqdgFBIh7IrQs8xxs=,eX7NtPIJwkpbT1lUZD1YrhayfIA=
24,89,d1zKxIQRY6uqdgFBIh7IrQs8xxs=,eX7NtPIJwkpbT1lUZD1YrhayfIA=
27,90,d1zKxIQRY6uqdgFBIh7IrQs8xxs=,eX7NtPIJwkpbT1lUZD1YrhayfIA=
31,91,d1zKxIQRY6uqdgFBIh7IrQs8xxs=,eX7NtPIJwkpbT1lUZD1YrhayfIA=
28,81,d1zKxIQRY6uqdgFBIh7IrQs8xxs=,eX7NtPIJwkpbT1lUZD1YrhayfIA=
20,89,d1zKxIQRY6uqdgFBIh7IrQs8xxs=,eX7NtPIJwkpbT1lUZD1YrhayfIA=
22,89,d1zKxIQRY6uqdgFBIh7IrQs8xxs=,eX7NtPIJwkpbT1lUZD1YrhayfIA=
19,89,d1zKxIQRY6uqdgFBIh7IrQs8xxs=,eX7NtPIJwkpbT1lUZD1YrhayfIA=
18,93,d1zKxIQRY6uqdgFBIh7IrQs8xxs=,eX7NtPIJwkpbT1lUZD1YrhayfIA=
16,89,d1zKxIQRY6uqdgFBIh7IrQs8xxs=,eX7NtPIJwkpbT1lUZD1YrhayfIA=
17,89,d1zKxIQRY6uqdgFBIh7IrQs8xxs=,eX7NtPIJwkpbT1lUZD1YrhayfIA=
29,80,d1zKxIQRY6uqdgFBIh7IrQs8xxs=,eX7NtPIJwkpbT1lUZD1YrhayfIA=
31,88,d1zKxIQRY6uqdgFBIh7IrQs8xxs=,eX7NtPIJwkpbT1lUZD1YrhayfIA=
30,88,d1zKxIQRY6uqdgFBIh7IrQs8xxs=,eX7NtPIJwkpbT1lUZD1YrhayfIA=
28,88,d1zKxIQRY6uqdgFBIh7IrQs8xxs=,eX7NtPIJwkpbT1lUZD1YrhayfIA=
23,83,d1zKxIQRY6uqdgFBIh7IrQs8xxs=,eX7NtPIJwkpbT1lUZD1YrhayfIA=
27,88,d1zKxIQRY6uqdgFBIh7IrQs8xxs=,eX7NtPIJwkpbT1lUZD1YrhayfIA=
17,80,d1zKxIQRY6uqdgFBIh7IrQs8xxs=,eX7NtPIJwkpbT1lUZD1YrhayfIA=
24,88,d1zKxIQRY6uqdgFBIh7IrQs8xxs=,eX7NtPIJwkpbT1lUZD1YrhayfIA=
25,88,d1zKxIQRY6uqdgFBIh7IrQs8xxs=,eX7NtPIJwkpbT1lUZD1YrhayfIA=
29,81,d1zKxIQRY6uqdgFBIh7IrQs8xxs=,eX7NtPIJwkpbT1lUZD1YrhayfIA=
25,83,d1zKxIQRY6uqdgFBIh7IrQs8xxs=,eX7NtPIJwkpbT1lUZD1YrhayfIA=
23,88,d1zKxIQRY6uqdgFBIh7IrQs8xxs=,eX7NtPIJwkpbT1lUZD1YrhayfIA=
22,88,d1zKxIQRY6uqdgFBIh7IrQs8xxs=,eX7NtPIJwkpbT1lUZD1YrhayfIA=
21,88,d1zKxIQRY6uqdgFBIh7IrQs8xxs=,eX7NtPIJwkpbT1lUZD1YrhayfIA=
29,88,d1zKxIQRY6uqdgFBIh7IrQs8xxs=,eX7NtPIJwkpbT1lUZD1YrhayfIA=
20,88,d1zKxIQRY6uqdgFBIh7IrQs8xxs=,eX7NtPIJwkpbT1lUZD1YrhayfIA=
22,83,d1zKxIQRY6uqdgFBIh7IrQs8xxs=,eX7NtPIJwkpbT1lUZD1YrhayfIA=
17,88,d1zKxIQRY6uqdgFBIh7IrQs8xxs=,eX7NtPIJwkpbT1lUZD1YrhayfIA=
18,88,d1zKxIQRY6uqdgFBIh7IrQs8xxs=,eX7NtPIJwkpbT1lUZD1YrhayfIA=
19,88,d1zKxIQRY6uqdgFBIh7IrQs8xxs=,eX7NtPIJwkpbT1lUZD1YrhayfIA=
16,88,d1zKxIQRY6uqdgFBIh7IrQs8xxs=,eX7NtPIJwkpbT1lUZD1YrhayfIA=
30,87,d1zKxIQRY6uqdgFBIh7IrQs8xxs=,eX7NtPIJwkpbT1lUZD1YrhayfIA=
31,87,d1zKxIQRY6uqdgFBIh7IrQs8xxs=,eX7NtPIJwkpbT1lUZD1YrhayfIA=
28,80,d1zKxIQRY6uqdgFBIh7IrQs8xxs=,eX7NtPIJwkpbT1lUZD1YrhayfIA=
29,87,d1zKxIQRY6uqdgFBIh7IrQs8xxs=,eX7NtPIJwkpbT1lUZD1YrhayfIA=
27,87,d1zKxIQRY6uqdgFBIh7IrQs8xxs=,eX7NtPIJwkpbT1lUZD1YrhayfIA=
28,87,d1zKxIQRY6uqdgFBIh7IrQs8xxs=,eX7NtPIJwkpbT1lUZD1YrhayfIA=
25,87,d1zKxIQRY6uqdgFBIh7IrQs8xxs=,eX7NtPIJwkpbT1lUZD1YrhayfIA=
26,87,d1zKxIQRY6uqdgFBIh7IrQs8xxs=,eX7NtPIJwkpbT1lUZD1YrhayfIA=
24,87,d1zKxIQRY6uqdgFBIh7IrQs8xxs=,eX7NtPIJwkpbT1lUZD1YrhayfIA=
23,87,d1zKxIQRY6uqdgFBIh7IrQs8xxs=,eX7NtPIJwkpbT1lUZD1YrhayfIA=
21,89,d1zKxIQRY6uqdgFBIh7IrQs8xxs=,eX7NtPIJwkpbT1lUZD1YrhayfIA=
22,87,d1zKxIQRY6uqdgFBIh7IrQs8xxs=,eX7NtPIJwkpbT1lUZD1YrhayfIA=
20,87,d1zKxIQRY6uqdgFBIh7IrQs8xxs=,eX7NtPIJwkpbT1lUZD1YrhayfIA=
21,87,d1zKxIQRY6uqdgFBIh7IrQs8xxs=,eX7NtPIJwkpbT1lUZD1YrhayfIA=
19,87,d1zKxIQRY6uqdgFBIh7IrQs8xxs=,eX7NtPIJwkpbT1lUZD1YrhayfIA=
17,87,d1zKxIQRY6uqdgFBIh7IrQs8xxs=,eX7NtPIJwkpbT1lUZD1YrhayfIA=
18,87,d1zKxIQRY6uqdgFBIh7IrQs8xxs=,eX7NtPIJwkpbT1lUZD1YrhayfIA=
26,88,d1zKxIQRY6uqdgFBIh7IrQs8xxs=,eX7NtPIJwkpbT1lUZD1YrhayfIA=
26,90,d1zKxIQRY6uqdgFBIh7IrQs8xxs=,eX7NtPIJwkpbT1lUZD1YrhayfIA=
31,86,d1zKxIQRY6uqdgFBIh7IrQs8xxs=,eX7NtPIJwkpbT1lUZD1YrhayfIA=
28,83,d1zKxIQRY6uqdgFBIh7IrQs8xxs=,eX7NtPIJwkpbT1lUZD1YrhayfIA=
16,87,d1zKxIQRY6uqdgFBIh7IrQs8xxs=,eX7NtPIJwkpbT1lUZD1YrhayfIA=
27,83,d1zKxIQRY6uqdgFBIh7IrQs8xxs=,eX7NtPIJwkpbT1lUZD1YrhayfIA=
30,86,d1zKxIQRY6uqdgFBIh7IrQs8xxs=,eX7NtPIJwkpbT1lUZD1YrhayfIA=
19,90,d1zKxIQRY6uqdgFBIh7IrQs8xxs=,eX7NtPIJwkpbT1lUZD1YrhayfIA=
27,80,d1zKxIQRY6uqdgFBIh7IrQs8xxs=,eX7NtPIJwkpbT1lUZD1YrhayfIA=
18,89,d1zKxIQRY6uqdgFBIh7IrQs8xxs=,eX7NtPIJwkpbT1lUZD1YrhayfIA=
25,86,d1zKxIQRY6uqdgFBIh7IrQs8xxs=,eX7NtPIJwkpbT1lUZD1YrhayfIA=
24,86,d1zKxIQRY6uqdgFBIh7IrQs8xxs=,eX7NtPIJwkpbT1lUZD1YrhayfIA=
22,86,d1zKxIQRY6uqdgFBIh7IrQs8xxs=,eX7NtPIJwkpbT1lUZD1YrhayfIA=
23,86,d1zKxIQRY6uqdgFBIh7IrQs8xxs=,eX7NtPIJwkpbT1lUZD1YrhayfIA=
21,86,d1zKxIQRY6uqdgFBIh7IrQs8xxs=,eX7NtPIJwkpbT1lUZD1YrhayfIA=
19,86,d1zKxIQRY6uqdgFBIh7IrQs8xxs=,eX7NtPIJwkpbT1lUZD1YrhayfIA=
20,86,d1zKxIQRY6uqdgFBIh7IrQs8xxs=,eX7NtPIJwkpbT1lUZD1YrhayfIA=
18,86,d1zKxIQRY6uqdgFBIh7IrQs8xxs=,eX7NtPIJwkpbT1lUZD1YrhayfIA=
20,83,d1zKxIQRY6uqdgFBIh7IrQs8xxs=,eX7NtPIJwkpbT1lUZD1YrhayfIA=
16,86,d1zKxIQRY6uqdgFBIh7IrQs8xxs=,eX7NtPIJwkpbT1lUZD1YrhayfIA=
26,80,d1zKxIQRY6uqdgFBIh7IrQs8xxs=,eX7NtPIJwkpbT1lUZD1YrhayfIA=
17,86,d1zKxIQRY6uqdgFBIh7IrQs8xxs=,eX7NtPIJwkpbT1lUZD1YrhayfIA=
23,81,d1zKxIQRY6uqdgFBIh7IrQs8xxs=,eX7NtPIJwkpbT1lUZD1YrhayfIA=
25,81,d1zKxIQRY6uqdgFBIh7IrQs8xxs=,eX7NtPIJwkpbT1lUZD1YrhayfIA=
29,86,d1zKxIQRY6uqdgFBIh7IrQs8xxs=,eX7NtPIJwkpbT1lUZD1YrhayfIA=
18,83,d1zKxIQRY6uqdgFBIh7IrQs8xxs=,eX7NtPIJwkpbT1lUZD1YrhayfIA=
19,83,d1zKxIQRY6uqdgFBIh7IrQs8xxs=,eX7NtPIJwkpbT1lUZD1YrhayfIA=
24,83,d1zKxIQRY6uqdgFBIh7IrQs8xxs=,eX7NtPIJwkpbT1lUZD1YrhayfIA=
31,85,d1zKxIQRY6uqdgFBIh7IrQs8xxs=,eX7NtPIJwkpbT1lUZD1YrhayfIA=
25,80,d1zKxIQRY6uqdgFBIh7IrQs8xxs=,eX7NtPIJwkpbT1lUZD1YrhayfIA=
24,81,d1zKxIQRY6uqdgFBIh7IrQs8xxs=,eX7NtPIJwkpbT1lUZD1YrhayfIA=
21,83,d1zKxIQRY6uqdgFBIh7IrQs8xxs=,eX7NtPIJwkpbT1lUZD1YrhayfIA=
29,85,d1zKxIQRY6uqdgFBIh7IrQs8xxs=,eX7NtPIJwkpbT1lUZD1YrhayfIA=
23,85,d1zKxIQRY6uqdgFBIh7IrQs8xxs=,eX7NtPIJwkpbT1lUZD1YrhayfIA=
22,85,d1zKxIQRY6uqdgFBIh7IrQs8xxs=,eX7NtPIJwkpbT1lUZD1YrhayfIA=
21,85,d1zKxIQRY6uqdgFBIh7IrQs8xxs=,eX7NtPIJwkpbT1lUZD1YrhayfIA=
20,85,d1zKxIQRY6uqdgFBIh7IrQs8xxs=,eX7NtPIJwkpbT1lUZD1YrhayfIA=
19,85,d1zKxIQRY6uqdgFBIh7IrQs8xxs=,eX7NtPIJwkpbT1lUZD1YrhayfIA=
30,85,d1zKxIQRY6uqdgFBIh7IrQs8xxs=,eX7NtPIJwkpbT1lUZD1YrhayfIA=
24,80,d1zKxIQRY6uqdgFBIh7IrQs8xxs=,eX7NtPIJwkpbT1lUZD1YrhayfIA=
18,85,d1zKxIQRY6uqdgFBIh7IrQs8xxs=,eX7NtPIJwkpbT1lUZD1YrhayfIA=
21,81,d1zKxIQRY6uqdgFBIh7IrQs8xxs=,eX7NtPIJwkpbT1lUZD1YrhayfIA=
30,82,d1zKxIQRY6uqdgFBIh7IrQs8xxs=,eX7NtPIJwkpbT1lUZD1YrhayfIA=
24,85,d1zKxIQRY6uqdgFBIh7IrQs8xxs=,eX7NtPIJwkpbT1lUZD1YrhayfIA=
16,83,d1zKxIQRY6uqdgFBIh7IrQs8xxs=,eX7NtPIJwkpbT1lUZD1YrhayfIA=
22,81,d1zKxIQRY6uqdgFBIh7IrQs8xxs=,eX7NtPIJwkpbT1lUZD1YrhayfIA=
27,86,d1zKxIQRY6uqdgFBIh7IrQs8xxs=,eX7NtPIJwkpbT1lUZD1YrhayfIA=
17,83,d1zKxIQRY6uqdgFBIh7IrQs8xxs=,eX7NtPIJwkpbT1lUZD1YrhayfIA=
17,85,d1zKxIQRY6uqdgFBIh7IrQs8xxs=,eX7NtPIJwkpbT1lUZD1YrhayfIA=
23,80,d1zKxIQRY6uqdgFBIh7IrQs8xxs=,eX7NtPIJwkpbT1lUZD1YrhayfIA=
19,81,d1zKxIQRY6uqdgFBIh7IrQs8xxs=,eX7NtPIJwkpbT1lUZD1YrhayfIA=
20,81,d1zKxIQRY6uqdgFBIh7IrQs8xxs=,eX7NtPIJwkpbT1lUZD1YrhayfIA=
31,84,d1zKxIQRY6uqdgFBIh7IrQs8xxs=,eX7NtPIJwkpbT1lUZD1YrhayfIA=
28,86,d1zKxIQRY6uqdgFBIh7IrQs8xxs=,eX7NtPIJwkpbT1lUZD1YrhayfIA=
27,85,d1zKxIQRY6uqdgFBIh7IrQs8xxs=,eX7NtPIJwkpbT1lUZD1YrhayfIA=
26,86,d1zKxIQRY6uqdgFBIh7IrQs8xxs=,eX7NtPIJwkpbT1lUZD1YrhayfIA=
20,80,d1zKxIQRY6uqdgFBIh7IrQs8xxs=,eX7NtPIJwkpbT1lUZD1YrhayfIA=
16,85,d1zKxIQRY6uqdgFBIh7IrQs8xxs=,eX7NtPIJwkpbT1lUZD1YrhayfIA=
22,84,d1zKxIQRY6uqdgFBIh7IrQs8xxs=,eX7NtPIJwkpbT1lUZD1YrhayfIA=
24,84,d1zKxIQRY6uqdgFBIh7IrQs8xxs=,eX7NtPIJwkpbT1lUZD1YrhayfIA=
30,84,d1zKxIQRY6uqdgFBIh7IrQs8xxs=,eX7NtPIJwkpbT1lUZD1YrhayfIA=
20,84,d1zKxIQRY6uqdgFBIh7IrQs8xxs=,eX7NtPIJwkpbT1lUZD1YrhayfIA=
21,84,d1zKxIQRY6uqdgFBIh7IrQs8xxs=,eX7NtPIJwkpbT1lUZD1YrhayfIA=
29,84,d1zKxIQRY6uqdgFBIh7IrQs8xxs=,eX7NtPIJwkpbT1lUZD1YrhayfIA=
18,84,d1zKxIQRY6uqdgFBIh7IrQs8xxs=,eX7NtPIJwkpbT1lUZD1YrhayfIA=
26,85,d1zKxIQRY6uqdgFBIh7IrQs8xxs=,eX7NtPIJwkpbT1lUZD1YrhayfIA=
19,84,d1zKxIQRY6uqdgFBIh7IrQs8xxs=,eX7NtPIJwkpbT1lUZD1YrhayfIA=
28,85,d1zKxIQRY6uqdgFBIh7IrQs8xxs=,eX7NtPIJwkpbT1lUZD1YrhayfIA=
17,84,d1zKxIQRY6uqdgFBIh7IrQs8xxs=,eX7NtPIJwkpbT1lUZD1YrhayfIA=
25,85,d1zKxIQRY6uqdgFBIh7IrQs8xxs=,eX7NtPIJwkpbT1lUZD1YrhayfIA=
18,81,d1zKxIQRY6uqdgFBIh7IrQs8xxs=,eX7NtPIJwkpbT1lUZD1YrhayfIA=
25,84,d1zKxIQRY6uqdgFBIh7IrQs8xxs=,eX7NtPIJwkpbT1lUZD1YrhayfIA=
16,80,d1zKxIQRY6uqdgFBIh7IrQs8xxs=,eX7NtPIJwkpbT1lUZD1YrhayfIA=
31,82,d1zKxIQRY6uqdgFBIh7IrQs8xxs=,eX7NtPIJwkpbT1lUZD1YrhayfIA=
28,84,d1zKxIQRY6uqdgFBIh7IrQs8xxs=,eX7NtPIJwkpbT1lUZD1YrhayfIA=
31,83,d1zKxIQRY6uqdgFBIh7IrQs8xxs=,eX7NtPIJwkpbT1lUZD1YrhayfIA=
23,84,d1zKxIQRY6uqdgFBIh7IrQs8xxs=,eX7NtPIJwkpbT1lUZD1YrhayfIA=
29,83,d1zKxIQRY6uqdgFBIh7IrQs8xxs=,eX7NtPIJwkpbT1lUZD1YrhayfIA=
22,80,d1zKxIQRY6uqdgFBIh7IrQs8xxs=,eX7NtPIJwkpbT1lUZD1YrhayfIA=
16,84,d1zKxIQRY6uqdgFBIh7IrQs8xxs=,eX7NtPIJwkpbT1lUZD1YrhayfIA=
27,84,d1zKxIQRY6uqdgFBIh7IrQs8xxs=,eX7NtPIJwkpbT1lUZD1YrhayfIA=
30,83,d1zKxIQRY6uqdgFBIh7IrQs8xxs=,eX7NtPIJwkpbT1lUZD1YrhayfIA=
26,84,d1zKxIQRY6uqdgFBIh7IrQs8xxs=,eX7NtPIJwkpbT1lUZD1YrhayfIA=
21,80,d1zKxIQRY6uqdgFBIh7IrQs8xxs=,eX7NtPIJwkpbT1lUZD1YrhayfIA=
19,64,i0jEKjUA/tL02cpBGy/GQKzn/Mc=,7I78LdsXEYQ3l6ze8D1V/RBJzLU=
29,66,i0jEKjUA/tL02cpBGy/GQKzn/Mc=,7I78LdsXEYQ3l6ze8D1V/RBJzLU=
27,66,i0jEKjUA/tL02cpBGy/GQKzn/Mc=,7I78LdsXEYQ3l6ze8D1V/RBJzLU=
28,66,i0jEKjUA/tL02cpBGy/GQKzn/Mc=,7I78LdsXEYQ3l6ze8D1V/RBJzLU=
28,67,i0jEKjUA/tL02cpBGy/GQKzn/Mc=,7I78LdsXEYQ3l6ze8D1V/RBJzLU=
25,66,i0jEKjUA/tL02cpBGy/GQKzn/Mc=,7I78LdsXEYQ3l6ze8D1V/RBJzLU=
26,66,i0jEKjUA/tL02cpBGy/GQKzn/Mc=,7I78LdsXEYQ3l6ze8D1V/RBJzLU=
23,66,i0jEKjUA/tL02cpBGy/GQKzn/Mc=,7I78LdsXEYQ3l6ze8D1V/RBJzLU=
22,66,i0jEKjUA/tL02cpBGy/GQKzn/Mc=,7I78LdsXEYQ3l6ze8D1V/RBJzLU=
21,66,i0jEKjUA/tL02cpBGy/GQKzn/Mc=,7I78LdsXEYQ3l6ze8D1V/RBJzLU=
24,66,i0jEKjUA/tL02cpBGy/GQKzn/Mc=,7I78LdsXEYQ3l6ze8D1V/RBJzLU=
20,66,i0jEKjUA/tL02cpBGy/GQKzn/Mc=,7I78LdsXEYQ3l6ze8D1V/RBJzLU=
19,66,i0jEKjUA/tL02cpBGy/GQKzn/Mc=,7I78LdsXEYQ3l6ze8D1V/RBJzLU=
27,67,i0jEKjUA/tL02cpBGy/GQKzn/Mc=,7I78LdsXEYQ3l6ze8D1V/RBJzLU=
24,79,i0jEKjUA/tL02cpBGy/GQKzn/Mc=,7I78LdsXEYQ3l6ze8D1V/RBJzLU=
21,79,i0jEKjUA/tL02cpBGy/GQKzn/Mc=,7I78LdsXEYQ3l6ze8D1V/RBJzLU=
25,79,i0jEKjUA/tL02cpBGy/GQKzn/Mc=,7I78LdsXEYQ3l6ze8D1V/RBJzLU=
18,79,i0jEKjUA/tL02cpBGy/GQKzn/Mc=,7I78LdsXEYQ3l6ze8D1V/RBJzLU=
17,79,i0jEKjUA/tL02cpBGy/GQKzn/Mc=,7I78LdsXEYQ3l6ze8D1V/RBJzLU=
20,79,i0jEKjUA/tL02cpBGy/GQKzn/Mc=,7I78LdsXEYQ3l6ze8D1V/RBJzLU=
26,67,i0jEKjUA/tL02cpBGy/GQKzn/Mc=,7I78LdsXEYQ3l6ze8D1V/RBJzLU=
30,65,i0jEKjUA/tL02cpBGy/GQKzn/Mc=,7I78LdsXEYQ3l6ze8D1V/RBJzLU=
27,79,i0jEKjUA/tL02cpBGy/GQKzn/Mc=,7I78LdsXEYQ3l6ze8D1V/RBJzLU=
16,79,i0jEKjUA/tL02cpBGy/GQKzn/Mc=,7I78LdsXEYQ3l6ze8D1V/RBJzLU=
27,78,i0jEKjUA/tL02cpBGy/GQKzn/Mc=,7I78LdsXEYQ3l6ze8D1V/RBJzLU=
31,65,i0jEKjUA/tL02cpBGy/GQKzn/Mc=,7I78LdsXEYQ3l6ze8D1V/RBJzLU=
19,79,i0jEKjUA/tL02cpBGy/GQKzn/Mc=,7I78LdsXEYQ3l6ze8D1V/RBJzLU=
24,78,i0jEKjUA/tL02cpBGy/GQKzn/Mc=,7I78LdsXEYQ3l6ze8D1V/RBJzLU=
25,78,i0jEKjUA/tL02cpBGy/GQKzn/Mc=,7I78LdsXEYQ3l6ze8D1V/RBJzLU=
22,78,i0jEKjUA/tL02cpBGy/GQKzn/Mc=,7I78LdsXEYQ3l6ze8D1V/RBJzLU=
21,78,i0jEKjUA/tL02cpBGy/GQKzn/Mc=,7I78LdsXEYQ3l6ze8D1V/RBJzLU=
20,78,i0jEKjUA/tL02cpBGy/GQKzn/Mc=,7I78LdsXEYQ3l6ze8D1V/RBJzLU=
19,78,i0jEKjUA/tL02cpBGy/GQKzn/Mc=,7I78LdsXEYQ3l6ze8D1V/RBJzLU=
18,78,i0jEKjUA/tL02cpBGy/GQKzn/Mc=,7I78LdsXEYQ3l6ze8D1V/RBJzLU=
23,78,i0jEKjUA/tL02cpBGy/GQKzn/Mc=,7I78LdsXEYQ3l6ze8D1V/RBJzLU=
25,67,i0jEKjUA/tL02cpBGy/GQKzn/Mc=,7I78LdsXEYQ3l6ze8D1V/RBJzLU=
17,78,i0jEKjUA/tL02cpBGy/GQKzn/Mc=,7I78LdsXEYQ3l6ze8D1V/RBJzLU=
16,78,i0jEKjUA/tL02cpBGy/GQKzn/Mc=,7I78LdsXEYQ3l6ze8D1V/RBJzLU=
20,64,i0jEKjUA/tL02cpBGy/GQKzn/Mc=,7I78LdsXEYQ3l6ze8D1V/RBJzLU=
26,78,i0jEKjUA/tL02cpBGy/GQKzn/Mc=,7I78LdsXEYQ3l6ze8D1V/RBJzLU=
28,78,i0jEKjUA/tL02cpBGy/GQKzn/Mc=,7I78LdsXEYQ3l6ze8D1V/RBJzLU=
30,66,i0jEKjUA/tL02cpBGy/GQKzn/Mc=,7I78LdsXEYQ3l6ze8D1V/RBJzLU=
28,79,i0jEKjUA/tL02cpBGy/GQKzn/Mc=,7I78LdsXEYQ3l6ze8D1V/RBJzLU=
22,79,i0jEKjUA/tL02cpBGy/GQKzn/Mc=,7I78LdsXEYQ3l6ze8D1V/RBJzLU=
28,77,i0jEKjUA/tL02cpBGy/GQKzn/Mc=,7I78LdsXEYQ3l6ze8D1V/RBJzLU=
29,79,i0jEKjUA/tL02cpBGy/GQKzn/Mc=,7I78LdsXEYQ3l6ze8D1V/RBJzLU=
31,79,i0jEKjUA/tL02cpBGy/GQKzn/Mc=,7I78LdsXEYQ3l6ze8D1V/RBJzLU=
27,77,i0jEKjUA/tL02cpBGy/GQKzn/Mc=,7I78LdsXEYQ3l6ze8D1V/RBJzLU=
25,77,i0jEKjUA/tL02cpBGy/GQKzn/Mc=,7I78LdsXEYQ3l6ze8D1V/RBJzLU=
24,77,i0jEKjUA/tL02cpBGy/GQKzn/Mc=,7I78LdsXEYQ3l6ze8D1V/RBJzLU=
23,77,i0jEKjUA/tL02cpBGy/GQKzn/Mc=,7I78LdsXEYQ3l6ze8D1V/RBJzLU=
22,77,i0jEKjUA/tL02cpBGy/GQKzn/Mc=,7I78LdsXEYQ3l6ze8D1V/RBJzLU=
19,77,i0jEKjUA/tL02cpBGy/GQKzn/Mc=,7I78LdsXEYQ3l6ze8D1V/RBJzLU=
21,77,i0jEKjUA/tL02cpBGy/GQKzn/Mc=,7I78LdsXEYQ3l6ze8D1V/RBJzLU=
26,77,i0jEKjUA/tL02cpBGy/GQKzn/Mc=,7I78LdsXEYQ3l6ze8D1V/RBJzLU=
29,65,i0jEKjUA/tL02cpBGy/GQKzn/Mc=,7I78LdsXEYQ3l6ze8D1V/RBJzLU=
31,64,i0jEKjUA/tL02cpBGy/GQKzn/Mc=,7I78LdsXEYQ3l6ze8D1V/RBJzLU=
16,66,i0jEKjUA/tL02cpBGy/GQKzn/Mc=,7I78LdsXEYQ3l6ze8D1V/RBJzLU=
24,67,i0jEKjUA/tL02cpBGy/GQKzn/Mc=,7I78LdsXEYQ3l6ze8D1V/RBJzLU=
17,77,i0jEKjUA/tL02cpBGy/GQKzn/Mc=,7I78LdsXEYQ3l6ze8D1V/RBJzLU=
26,79,i0jEKjUA/tL02cpBGy/GQKzn/Mc=,7I78LdsXEYQ3l6ze8D1V/RBJzLU=
28,65,i0jEKjUA/tL02cpBGy/GQKzn/Mc=,7I78LdsXEYQ3l6ze8D1V/RBJzLU=
18,77,i0jEKjUA/tL02cpBGy/GQKzn/Mc=,7I78LdsXEYQ3l6ze8D1V/RBJzLU=
16,77,i0jEKjUA/tL02cpBGy/GQKzn/Mc=,7I78LdsXEYQ3l6ze8D1V/RBJzLU=
30,79,i0jEKjUA/tL02cpBGy/GQKzn/Mc=,7I78LdsXEYQ3l6ze8D1V/RBJzLU=
31,78,i0jEKjUA/tL02cpBGy/GQKzn/Mc=,7I78LdsXEYQ3l6ze8D1V/RBJzLU=
27,76,i0jEKjUA/tL02cpBGy/GQKzn/Mc=,7I78LdsXEYQ3l6ze8D1V/RBJzLU=
25,76,i0jEKjUA/tL02cpBGy/GQKzn/Mc=,7I78LdsXEYQ3l6ze8D1V/RBJzLU=
26,76,i0jEKjUA/tL02cpBGy/GQKzn/Mc=,7I78LdsXEYQ3l6ze8D1V/RBJzLU=
24,76,i0jEKjUA/tL02cpBGy/GQKzn/Mc=,7I78LdsXEYQ3l6ze8D1V/RBJzLU=
23,76,i0jEKjUA/tL02cpBGy/GQKzn/Mc=,7I78LdsXEYQ3l6ze8D1V/RBJzLU=
22,76,i0jEKjUA/tL02cpBGy/GQKzn/Mc=,7I78LdsXEYQ3l6ze8D1V/RBJzLU=
21,76,i0jEKjUA/tL02cpBGy/GQKzn/Mc=,7I78LdsXEYQ3l6ze8D1V/RBJzLU=
20,76,i0jEKjUA/tL02cpBGy/GQKzn/Mc=,7I78LdsXEYQ3l6ze8D1V/RBJzLU=
30,64,i0jEKjUA/tL02cpBGy/GQKzn/Mc=,7I78LdsXEYQ3l6ze8D1V/RBJzLU=
20,77,i0jEKjUA/tL02cpBGy/GQKzn/Mc=,7I78LdsXEYQ3l6ze8D1V/RBJzLU=
19,76,i0jEKjUA/tL02cpBGy/GQKzn/Mc=,7I78LdsXEYQ3l6ze8D1V/RBJzLU=
18,76,i0jEKjUA/tL02cpBGy/GQKzn/Mc=,7I78LdsXEYQ3l6ze8D1V/RBJzLU=
16,76,i0jEKjUA/tL02cpBGy/GQKzn/Mc=,7I78LdsXEYQ3l6ze8D1V/RBJzLU=
16,65,i0jEKjUA/tL02cpBGy/GQKzn/Mc=,7I78LdsXEYQ3l6ze8D1V/RBJzLU=
27,65,i0jEKjUA/tL02cpBGy/GQKzn/Mc=,7I78LdsXEYQ3l6ze8D1V/RBJzLU=
23,79,i0jEKjUA/tL02cpBGy/GQKzn/Mc=,7I78LdsXEYQ3l6ze8D1V/RBJzLU=
17,76,i0jEKjUA/tL02cpBGy/GQKzn/Mc=,7I78LdsXEYQ3l6ze8D1V/RBJzLU=
28,76,i0jEKjUA/tL02cpBGy/GQKzn/Mc=,7I78LdsXEYQ3l6ze8D1V/RBJzLU=
31,77,i0jEKjUA/tL02cpBGy/GQKzn/Mc=,7I78LdsXEYQ3l6ze8D1V/RBJzLU=
26,75,i0jEKjUA/tL02cpBGy/GQKzn/Mc=,7I78LdsXEYQ3l6ze8D1V/RBJzLU=
27,75,i0jEKjUA/tL02cpBGy/GQKzn/Mc=,7I78LdsXEYQ3l6ze8D1V/RBJzLU=
24,75,i0jEKjUA/tL02cpBGy/GQKzn/Mc=,7I78LdsXEYQ3l6ze8D1V/RBJzLU=
23,67,i0jEKjUA/tL02cpBGy/GQKzn/Mc=,7I78LdsXEYQ3l6ze8D1V/RBJzLU=
23,75,i0jEKjUA/tL02cpBGy/GQKzn/Mc=,7I78LdsXEYQ3l6ze8D1V/RBJzLU=
22,75,i0jEKjUA/tL02cpBGy/GQKzn/Mc=,7I78LdsXEYQ3l6ze8D1V/RBJzLU=
29,64,i0jEKjUA/tL02cpBGy/GQKzn/Mc=,7I78LdsXEYQ3l6ze8D1V/RBJzLU=
21,75,i0jEKjUA/tL02cpBGy/GQKzn/Mc=,7I78LdsXEYQ3l6ze8D1V/RBJzLU=
25,75,i0jEKjUA/tL02cpBGy/GQKzn/Mc=,7I78LdsXEYQ3l6ze8D1V/RBJzLU=
20,75,i0jEKjUA/tL02cpBGy/GQKzn/Mc=,7I78LdsXEYQ3l6ze8D1V/RBJzLU=
19,75,i0jEKjUA/tL02cpBGy/GQKzn/Mc=,7I78LdsXEYQ3l6ze8D1V/RBJzLU=
17,75,i0jEKjUA/tL02cpBGy/GQKzn/Mc=,7I78LdsXEYQ3l6ze8D1V/RBJzLU=
31,76,i0jEKjUA/tL02cpBGy/GQKzn/Mc=,7I78LdsXEYQ3l6ze8D1V/RBJzLU=
26,65,i0jEKjUA/tL02cpBGy/GQKzn/Mc=,7I78LdsXEYQ3l6ze8D1V/RBJzLU=
18,66,i0jEKjUA/tL02cpBGy/GQKzn/Mc=,7I78LdsXEYQ3l6ze8D1V/RBJzLU=
16,75,i0jEKjUA/tL02cpBGy/GQKzn/Mc=,7I78LdsXEYQ3l6ze8D1V/RBJzLU=
18,75,i0jEKjUA/tL02cpBGy/GQKzn/Mc=,7I78LdsXEYQ3l6ze8D1V/RBJzLU=
30,77,i0jEKjUA/tL02cpBGy/GQKzn/Mc=,7I78LdsXEYQ3l6ze8D1V/RBJzLU=
27,74,i0jEKjUA/tL02cpBGy/GQKzn/Mc=,7I78LdsXEYQ3l6ze8D1V/RBJzLU=
26,74,i0jEKjUA/tL02cpBGy/GQKzn/Mc=,7I78LdsXEYQ3l6ze8D1V/RBJzLU=
25,74,i0jEKjUA/tL02cpBGy/GQKzn/Mc=,7I78LdsXEYQ3l6ze8D1V/RBJzLU=
24,74,i0jEKjUA/tL02cpBGy/GQKzn/Mc=,7I78LdsXEYQ3l6ze8D1V/RBJzLU=
22,74,i0jEKjUA/tL02cpBGy/GQKzn/Mc=,7I78LdsXEYQ3l6ze8D1V/RBJzLU=
23,74,i0jEKjUA/tL02cpBGy/GQKzn/Mc=,7I78LdsXEYQ3l6ze8D1V/RBJzLU=
28,64,i0jEKjUA/tL02cpBGy/GQKzn/Mc=,7I78LdsXEYQ3l6ze8D1V/RBJzLU=
21,67,i0jEKjUA/tL02cpBGy/GQKzn/Mc=,7I78LdsXEYQ3l6ze8D1V/RBJzLU=
21,74,i0jEKjUA/tL02cpBGy/GQKzn/Mc=,7I78LdsXEYQ3l6ze8D1V/RBJzLU=
20,74,i0jEKjUA/tL02cpBGy/GQKzn/Mc=,7I78LdsXEYQ3l6ze8D1V/RBJzLU=
17,66,i0jEKjUA/tL02cpBGy/GQKzn/Mc=,7I78LdsXEYQ3l6ze8D1V/RBJzLU=
19,74,i0jEKjUA/tL02cpBGy/GQKzn/Mc=,7I78LdsXEYQ3l6ze8D1V/RBJzLU=
30,78,i0jEKjUA/tL02cpBGy/GQKzn/Mc=,7I78LdsXEYQ3l6ze8D1V/RBJzLU=
25,65,i0jEKjUA/tL02cpBGy/GQKzn/Mc=,7I78LdsXEYQ3l6ze8D1V/RBJzLU=
18,74,i0jEKjUA/tL02cpBGy/GQKzn/Mc=,7I78LdsXEYQ3l6ze8D1V/RBJzLU=
30,76,i0jEKjUA/tL02cpBGy/GQKzn/Mc=,7I78LdsXEYQ3l6ze8D1V/RBJzLU=
22,67,i0jEKjUA/tL02cpBGy/GQKzn/Mc=,7I78LdsXEYQ3l6ze8D1V/RBJzLU=
18,64,i0jEKjUA/tL02cpBGy/GQKzn/Mc=,7I78LdsXEYQ3l6ze8D1V/RBJzLU=
17,65,i0jEKjUA/tL02cpBGy/GQKzn/Mc=,7I78LdsXEYQ3l6ze8D1V/RBJzLU=
27,73,i0jEKjUA/tL02cpBGy/GQKzn/Mc=,7I78LdsXEYQ3l6ze8D1V/RBJzLU=
26,73,i0jEKjUA/tL02cpBGy/GQKzn/Mc=,7I78LdsXEYQ3l6ze8D1V/RBJzLU=
25,73,i0jEKjUA/tL02cpBGy/GQKzn/Mc=,7I78LdsXEYQ3l6ze8D1V/RBJzLU=
24,73,i0jEKjUA/tL02cpBGy/GQKzn/Mc=,7I78LdsXEYQ3l6ze8D1V/RBJzLU=
17,74,i0jEKjUA/tL02cpBGy/GQKzn/Mc=,7I78LdsXEYQ3l6ze8D1V/RBJzLU=
29,78,i0jEKjUA/tL02cpBGy/GQKzn/Mc=,7I78LdsXEYQ3l6ze8D1V/RBJzLU=
20,67,i0jEKjUA/tL02cpBGy/GQKzn/Mc=,7I78LdsXEYQ3l6ze8D1V/RBJzLU=
27,64,i0jEKjUA/tL02cpBGy/GQKzn/Mc=,7I78LdsXEYQ3l6ze8D1V/RBJzLU=
23,73,i0jEKjUA/tL02cpBGy/GQKzn/Mc=,7I78LdsXEYQ3l6ze8D1V/RBJzLU=
21,73,i0jEKjUA/tL02cpBGy/GQKzn/Mc=,7I78LdsXEYQ3l6ze8D1V/RBJzLU=
22,73,i0jEKjUA/tL02cpBGy/GQKzn/Mc=,7I78LdsXEYQ3l6ze8D1V/RBJzLU=
20,73,i0jEKjUA/tL02cpBGy/GQKzn/Mc=,7I78LdsXEYQ3l6ze8D1V/RBJzLU=
24,65,i0jEKjUA/tL02cpBGy/GQKzn/Mc=,7I78LdsXEYQ3l6ze8D1V/RBJzLU=
19,73,i0jEKjUA/tL02cpBGy/GQKzn/Mc=,7I78LdsXEYQ3l6ze8D1V/RBJzLU=
18,73,i0jEKjUA/tL02cpBGy/GQKzn/Mc=,7I78LdsXEYQ3l6ze8D1V/RBJzLU=
29,77,i0jEKjUA/tL02cpBGy/GQKzn/Mc=,7I78LdsXEYQ3l6ze8D1V/RBJzLU=
31,74,i0jEKjUA/tL02cpBGy/GQKzn/Mc=,7I78LdsXEYQ3l6ze8D1V/RBJzLU=
28,72,i0jEKjUA/tL02cpBGy/GQKzn/Mc=,7I78LdsXEYQ3l6ze8D1V/RBJzLU=
16,74,i0jEKjUA/tL02cpBGy/GQKzn/Mc=,7I78LdsXEYQ3l6ze8D1V/RBJzLU=
26,72,i0jEKjUA/tL02cpBGy/GQKzn/Mc=,7I78LdsXEYQ3l6ze8D1V/RBJzLU=
27,72,i0jEKjUA/tL02cpBGy/GQKzn/Mc=,7I78LdsXEYQ3l6ze8D1V/RBJzLU=
28,74,i0jEKjUA/tL02cpBGy/GQKzn/Mc=,7I78LdsXEYQ3l6ze8D1V/RBJzLU=
25,72,i0jEKjUA/tL02cpBGy/GQKzn/Mc=,7I78LdsXEYQ3l6ze8D1V/RBJzLU=
26,64,i0jEKjUA/tL02cpBGy/GQKzn/Mc=,7I78LdsXEYQ3l6ze8D1V/RBJzLU=
30,73,i0jEKjUA/tL02cpBGy/GQKzn/Mc=,7I78LdsXEYQ3l6ze8D1V/RBJzLU=
17,64,i0jEKjUA/tL02cpBGy/GQKzn/Mc=,7I78LdsXEYQ3l6ze8D1V/RBJzLU=
22,72,i0jEKjUA/tL02cpBGy/GQKzn/Mc=,7I78LdsXEYQ3l6ze8D1V/RBJzLU=
29,76,i0jEKjUA/tL02cpBGy/GQKzn/Mc=,7I78LdsXEYQ3l6ze8D1V/RBJzLU=
21,72,i0jEKjUA/tL02cpBGy/GQKzn/Mc=,7I78LdsXEYQ3l6ze8D1V/RBJzLU=
19,72,i0jEKjUA/tL02cpBGy/GQKzn/Mc=,7I78LdsXEYQ3l6ze8D1V/RBJzLU=
20,72,i0jEKjUA/tL02cpBGy/GQKzn/Mc=,7I78LdsXEYQ3l6ze8D1V/RBJzLU=
28,75,i0jEKjUA/tL02cpBGy/GQKzn/Mc=,7I78LdsXEYQ3l6ze8D1V/RBJzLU=
31,75,i0jEKjUA/tL02cpBGy/GQKzn/Mc=,7I78LdsXEYQ3l6ze8D1V/RBJzLU=
23,65,i0jEKjUA/tL02cpBGy/GQKzn/Mc=,7I78LdsXEYQ3l6ze8D1V/RBJzLU=
29,75,i0jEKjUA/tL02cpBGy/GQKzn/Mc=,7I78LdsXEYQ3l6ze8D1V/RBJzLU=
17,73,i0jEKjUA/tL02cpBGy/GQKzn/Mc=,7I78LdsXEYQ3l6ze8D1V/RBJzLU=
30,75,i0jEKjUA/tL02cpBGy/GQKzn/Mc=,7I78LdsXEYQ3l6ze8D1V/RBJzLU=
23,72,i0jEKjUA/tL02cpBGy/GQKzn/Mc=,7I78LdsXEYQ3l6ze8D1V/RBJzLU=
27,71,i0jEKjUA/tL02cpBGy/GQKzn/Mc=,7I78LdsXEYQ3l6ze8D1V/RBJzLU=
26,71,i0jEKjUA/tL02cpBGy/GQKzn/Mc=,7I78LdsXEYQ3l6ze8D1V/RBJzLU=
25,71,i0jEKjUA/tL02cpBGy/GQKzn/Mc=,7I78LdsXEYQ3l6ze8D1V/RBJzLU=
25,64,i0jEKjUA/tL02cpBGy/GQKzn/Mc=,7I78LdsXEYQ3l6ze8D1V/RBJzLU=
18,72,i0jEKjUA/tL02cpBGy/GQKzn/Mc=,7I78LdsXEYQ3l6ze8D1V/RBJzLU=
24,71,i0jEKjUA/tL02cpBGy/GQKzn/Mc=,7I78LdsXEYQ3l6ze8D1V/RBJzLU=
23,71,i0jEKjUA/tL02cpBGy/GQKzn/Mc=,7I78LdsXEYQ3l6ze8D1V/RBJzLU=
22,71,i0jEKjUA/tL02cpBGy/GQKzn/Mc=,7I78LdsXEYQ3l6ze8D1V/RBJzLU=
24,72,i0jEKjUA/tL02cpBGy/GQKzn/Mc=,7I78LdsXEYQ3l6ze8D1V/RBJzLU=
20,71,i0jEKjUA/tL02cpBGy/GQKzn/Mc=,7I78LdsXEYQ3l6ze8D1V/RBJzLU=
21,71,i0jEKjUA/tL02cpBGy/GQKzn/Mc=,7I78LdsXEYQ3l6ze8D1V/RBJzLU=
28,73,i0jEKjUA/tL02cpBGy/GQKzn/Mc=,7I78LdsXEYQ3l6ze8D1V/RBJzLU=
30,74,i0jEKjUA/tL02cpBGy/GQKzn/Mc=,7I78LdsXEYQ3l6ze8D1V/RBJzLU=
29,74,i0jEKjUA/tL02cpBGy/GQKzn/Mc=,7I78LdsXEYQ3l6ze8D1V/RBJzLU=
22,65,i0jEKjUA/tL02cpBGy/GQKzn/Mc=,7I78LdsXEYQ3l6ze8D1V/RBJzLU=
19,71,i0jEKjUA/tL02cpBGy/GQKzn/Mc=,7I78LdsXEYQ3l6ze8D1V/RBJzLU=
19,67,i0jEKjUA/tL02cpBGy/GQKzn/Mc=,7I78LdsXEYQ3l6ze8D1V/RBJzLU=
29,73,i0jEKjUA/tL02cpBGy/GQKzn/Mc=,7I78LdsXEYQ3l6ze8D1V/RBJzLU=
30,72,i0jEKjUA/tL02cpBGy/GQKzn/Mc=,7I78LdsXEYQ3l6ze8D1V/RBJzLU=
17,72,i0jEKjUA/tL02cpBGy/GQKzn/Mc=,7I78LdsXEYQ3l6ze8D1V/RBJzLU=
26,70,i0jEKjUA/tL02cpBGy/GQKzn/Mc=,7I78LdsXEYQ3l6ze8D1V/RBJzLU=
24,64,i0jEKjUA/tL02cpBGy/GQKzn/Mc=,7I78LdsXEYQ3l6ze8D1V/RBJzLU=
18,71,i0jEKjUA/tL02cpBGy/GQKzn/Mc=,7I78LdsXEYQ3l6ze8D1V/RBJzLU=
31,72,i0jEKjUA/tL02cpBGy/GQKzn/Mc=,7I78LdsXEYQ3l6ze8D1V/RBJzLU=
31,73,i0jEKjUA/tL02cpBGy/GQKzn/Mc=,7I78LdsXEYQ3l6ze8D1V/RBJzLU=
23,70,i0jEKjUA/tL02cpBGy/GQKzn/Mc=,7I78LdsXEYQ3l6ze8D1V/RBJzLU=
21,70,i0jEKjUA/tL02cpBGy/GQKzn/Mc=,7I78LdsXEYQ3l6ze8D1V/RBJzLU=
22,70,i0jEKjUA/tL02cpBGy/GQKzn/Mc=,7I78LdsXEYQ3l6ze8D1V/RBJzLU=
20,70,i0jEKjUA/tL02cpBGy/GQKzn/Mc=,7I78LdsXEYQ3l6ze8D1V/RBJzLU=
17,71,i0jEKjUA/tL02cpBGy/GQKzn/Mc=,7I78LdsXEYQ3l6ze8D1V/RBJzLU=
18,67,i0jEKjUA/tL02cpBGy/GQKzn/Mc=,7I78LdsXEYQ3l6ze8D1V/RBJzLU=
16,73,i0jEKjUA/tL02cpBGy/GQKzn/Mc=,7I78LdsXEYQ3l6ze8D1V/RBJzLU=
27,70,i0jEKjUA/tL02cpBGy/GQKzn/Mc=,7I78LdsXEYQ3l6ze8D1V/RBJzLU=
19,70,i0jEKjUA/tL02cpBGy/GQKzn/Mc=,7I78LdsXEYQ3l6ze8D1V/RBJzLU=
30,70,i0jEKjUA/tL02cpBGy/GQKzn/Mc=,7I78LdsXEYQ3l6ze8D1V/RBJzLU=
16,71,i0jEKjUA/tL02cpBGy/GQKzn/Mc=,7I78LdsXEYQ3l6ze8D1V/RBJzLU=
31,70,i0jEKjUA/tL02cpBGy/GQKzn/Mc=,7I78LdsXEYQ3l6ze8D1V/RBJzLU=
21,65,i0jEKjUA/tL02cpBGy/GQKzn/Mc=,7I78LdsXEYQ3l6ze8D1V/RBJzLU=
25,70,i0jEKjUA/tL02cpBGy/GQKzn/Mc=,7I78LdsXEYQ3l6ze8D1V/RBJzLU=
23,64,i0jEKjUA/tL02cpBGy/GQKzn/Mc=,7I78LdsXEYQ3l6ze8D1V/RBJzLU=
20,65,i0jEKjUA/tL02cpBGy/GQKzn/Mc=,7I78LdsXEYQ3l6ze8D1V/RBJzLU=
17,70,i0jEKjUA/tL02cpBGy/GQKzn/Mc=,7I78LdsXEYQ3l6ze8D1V/RBJzLU=
26,69,i0jEKjUA/tL02cpBGy/GQKzn/Mc=,7I78LdsXEYQ3l6ze8D1V/RBJzLU=
25,69,i0jEKjUA/tL02cpBGy/GQKzn/Mc=,7I78LdsXEYQ3l6ze8D1V/RBJzLU=
24,69,i0jEKjUA/tL02cpBGy/GQKzn/Mc=,7I78LdsXEYQ3l6ze8D1V/RBJzLU=
23,69,i0jEKjUA/tL02cpBGy/GQKzn/Mc=,7I78LdsXEYQ3l6ze8D1V/RBJzLU=
22,69,i0jEKjUA/tL02cpBGy/GQKzn/Mc=,7I78LdsXEYQ3l6ze8D1V/RBJzLU=
21,69,i0jEKjUA/tL02cpBGy/GQKzn/Mc=,7I78LdsXEYQ3l6ze8D1V/RBJzLU=
28,71,i0jEKjUA/tL02cpBGy/GQKzn/Mc=,7I78LdsXEYQ3l6ze8D1V/RBJzLU=
29,70,i0jEKjUA/tL02cpBGy/GQKzn/Mc=,7I78LdsXEYQ3l6ze8D1V/RBJzLU=
24,70,i0jEKjUA/tL02cpBGy/GQKzn/Mc=,7I78LdsXEYQ3l6ze8D1V/RBJzLU=
29,72,i0jEKjUA/tL02cpBGy/GQKzn/Mc=,7I78LdsXEYQ3l6ze8D1V/RBJzLU=
16,72,i0jEKjUA/tL02cpBGy/GQKzn/Mc=,7I78LdsXEYQ3l6ze8D1V/RBJzLU=
19,65,i0jEKjUA/tL02cpBGy/GQKzn/Mc=,7I78LdsXEYQ3l6ze8D1V/RBJzLU=
17,67,i0jEKjUA/tL02cpBGy/GQKzn/Mc=,7I78LdsXEYQ3l6ze8D1V/RBJzLU=
28,70,i0jEKjUA/tL02cpBGy/GQKzn/Mc=,7I78LdsXEYQ3l6ze8D1V/RBJzLU=
16,70,i0jEKjUA/tL02cpBGy/GQKzn/Mc=,7I78LdsXEYQ3l6ze8D1V/RBJzLU=
22,64,i0jEKjUA/tL02cpBGy/GQKzn/Mc=,7I78LdsXEYQ3l6ze8D1V/RBJzLU=
31,71,i0jEKjUA/tL02cpBGy/GQKzn/Mc=,7I78LdsXEYQ3l6ze8D1V/RBJzLU=
20,69,i0jEKjUA/tL02cpBGy/GQKzn/Mc=,7I78LdsXEYQ3l6ze8D1V/RBJzLU=
30,71,i0jEKjUA/tL02cpBGy/GQKzn/Mc=,7I78LdsXEYQ3l6ze8D1V/RBJzLU=
26,68,i0jEKjUA/tL02cpBGy/GQKzn/Mc=,7I78LdsXEYQ3l6ze8D1V/RBJzLU=
25,68,i0jEKjUA/tL02cpBGy/GQKzn/Mc=,7I78LdsXEYQ3l6ze8D1V/RBJzLU=
24,68,i0jEKjUA/tL02cpBGy/GQKzn/Mc=,7I78LdsXEYQ3l6ze8D1V/RBJzLU=
22,68,i0jEKjUA/tL02cpBGy/GQKzn/Mc=,7I78LdsXEYQ3l6ze8D1V/RBJzLU=
29,71,i0jEKjUA/tL02cpBGy/GQKzn/Mc=,7I78LdsXEYQ3l6ze8D1V/RBJzLU=
27,69,i0jEKjUA/tL02cpBGy/GQKzn/Mc=,7I78LdsXEYQ3l6ze8D1V/RBJzLU=
28,69,i0jEKjUA/tL02cpBGy/GQKzn/Mc=,7I78LdsXEYQ3l6ze8D1V/RBJzLU=
20,68,i0jEKjUA/tL02cpBGy/GQKzn/Mc=,7I78LdsXEYQ3l6ze8D1V/RBJzLU=
27,68,i0jEKjUA/tL02cpBGy/GQKzn/Mc=,7I78LdsXEYQ3l6ze8D1V/RBJzLU=
30,69,i0jEKjUA/tL02cpBGy/GQKzn/Mc=,7I78LdsXEYQ3l6ze8D1V/RBJzLU=
29,69,i0jEKjUA/tL02cpBGy/GQKzn/Mc=,7I78LdsXEYQ3l6ze8D1V/RBJzLU=
31,69,i0jEKjUA/tL02cpBGy/GQKzn/Mc=,7I78LdsXEYQ3l6ze8D1V/RBJzLU=
21,64,i0jEKjUA/tL02cpBGy/GQKzn/Mc=,7I78LdsXEYQ3l6ze8D1V/RBJzLU=
18,70,i0jEKjUA/tL02cpBGy/GQKzn/Mc=,7I78LdsXEYQ3l6ze8D1V/RBJzLU=
23,68,i0jEKjUA/tL02cpBGy/GQKzn/Mc=,7I78LdsXEYQ3l6ze8D1V/RBJzLU=
18,69,i0jEKjUA/tL02cpBGy/GQKzn/Mc=,7I78LdsXEYQ3l6ze8D1V/RBJzLU=
28,68,i0jEKjUA/tL02cpBGy/GQKzn/Mc=,7I78LdsXEYQ3l6ze8D1V/RBJzLU=
31,66,i0jEKjUA/tL02cpBGy/GQKzn/Mc=,7I78LdsXEYQ3l6ze8D1V/RBJzLU=
21,68,i0jEKjUA/tL02cpBGy/GQKzn/Mc=,7I78LdsXEYQ3l6ze8D1V/RBJzLU=
16,67,i0jEKjUA/tL02cpBGy/GQKzn/Mc=,7I78LdsXEYQ3l6ze8D1V/RBJzLU=
29,67,i0jEKjUA/tL02cpBGy/GQKzn/Mc=,7I78LdsXEYQ3l6ze8D1V/RBJzLU=
17,69,i0jEKjUA/tL02cpBGy/GQKzn/Mc=,7I78LdsXEYQ3l6ze8D1V/RBJzLU=
29,68,i0jEKjUA/tL02cpBGy/GQKzn/Mc=,7I78LdsXEYQ3l6ze8D1V/RBJzLU=
30,68,i0jEKjUA/tL02cpBGy/GQKzn/Mc=,7I78LdsXEYQ3l6ze8D1V/RBJzLU=
19,69,i0jEKjUA/tL02cpBGy/GQKzn/Mc=,7I78LdsXEYQ3l6ze8D1V/RBJzLU=
17,68,i0jEKjUA/tL02cpBGy/GQKzn/Mc=,7I78LdsXEYQ3l6ze8D1V/RBJzLU=
18,68,i0jEKjUA/tL02cpBGy/GQKzn/Mc=,7I78LdsXEYQ3l6ze8D1V/RBJzLU=
19,68,i0jEKjUA/tL02cpBGy/GQKzn/Mc=,7I78LdsXEYQ3l6ze8D1V/RBJzLU=
16,64,i0jEKjUA/tL02cpBGy/GQKzn/Mc=,7I78LdsXEYQ3l6ze8D1V/RBJzLU=
31,68,i0jEKjUA/tL02cpBGy/GQKzn/Mc=,7I78LdsXEYQ3l6ze8D1V/RBJzLU=
16,68,i0jEKjUA/tL02cpBGy/GQKzn/Mc=,7I78LdsXEYQ3l6ze8D1V/RBJzLU=
30,67,i0jEKjUA/tL02cpBGy/GQKzn/Mc=,7I78LdsXEYQ3l6ze8D1V/RBJzLU=
18,65,i0jEKjUA/tL02cpBGy/GQKzn/Mc=,7I78LdsXEYQ3l6ze8D1V/RBJzLU=
16,69,i0jEKjUA/tL02cpBGy/GQKzn/Mc=,7I78LdsXEYQ3l6ze8D1V/RBJzLU=
31,67,i0jEKjUA/tL02cpBGy/GQKzn/Mc=,7I78LdsXEYQ3l6ze8D1V/RBJzLU=
